param n := 304;

param t_max := 19;

param S_ini := 1 0.000
 2 0.000
 3 0.000
 4 0.000
 5 0.000
 6 0.000
 7 0.000
 8 0.000
 9 0.000
 10 0.000
 11 0.000
 12 0.000
 13 0.000
 14 0.000
 15 0.000
 16 0.000
 17 0.000
 18 0.000
 19 0.000
 20 0.000
 21 0.000
 22 0.000
 23 0.000
 24 0.000
 25 0.000
 26 0.000
 27 0.000
 28 0.000
 29 0.000
 30 0.000
 31 0.000
 32 0.000
 33 0.000
 34 0.000
 35 0.000
 36 0.000
 37 0.000
 38 0.000
 39 0.000
 40 0.000
 41 0.000
 42 0.000
 43 0.000
 44 0.000
 45 0.000
 46 0.000
 47 0.000
 48 0.000
 49 0.000
 50 0.000
 51 0.000
 52 0.000
 53 0.000
 54 0.000
 55 0.000
 56 0.000
 57 0.000
 58 0.000
 59 0.000
 60 0.000
 61 0.000
 62 0.000
 63 0.000
 64 0.000
 65 0.000
 66 0.000
 67 0.000
 68 0.000
 69 0.000
 70 0.000
 71 0.000
 72 0.000
 73 0.000
 74 0.000
 75 0.000
 76 0.000
 77 0.000
 78 0.000
 79 0.000
 80 0.000
 81 0.000
 82 0.000
 83 0.000
 84 0.000
 85 0.000
 86 0.000
 87 0.000
 88 0.000
 89 0.000
 90 0.000
 91 0.000
 92 0.000
 93 0.000
 94 0.000
 95 0.000
 96 0.000
 97 0.000
 98 0.000
 99 0.000
 100 0.000
 101 0.000
 102 0.000
 103 0.000
 104 0.000
 105 0.000
 106 0.000
 107 0.000
 108 0.000
 109 0.000
 110 0.000
 111 0.000
 112 0.000
 113 0.000
 114 0.000
 115 0.000
 116 0.000
 117 0.000
 118 0.000
 119 0.000
 120 0.000
 121 0.000
 122 0.000
 123 0.000
 124 0.000
 125 0.000
 126 0.000
 127 0.000
 128 0.000
 129 0.000
 130 0.000
 131 0.000
 132 0.000
 133 0.000
 134 0.000
 135 0.000
 136 0.000
 137 0.000
 138 0.000
 139 0.000
 140 0.000
 141 0.000
 142 0.000
 143 0.000
 144 0.000
 145 0.000
 146 0.000
 147 0.000
 148 0.000
 149 0.000
 150 0.000
 151 0.000
 152 0.000
 153 0.000
 154 0.000
 155 0.000
 156 0.000
 157 0.000
 158 0.000
 159 0.000
 160 0.000
 161 0.000
 162 0.000
 163 0.000
 164 0.000
 165 0.000
 166 0.000
 167 0.000
 168 0.000
 169 0.000
 170 0.000
 171 0.000
 172 0.000
 173 0.000
 174 0.000
 175 0.000
 176 0.000
 177 0.000
 178 0.000
 179 0.000
 180 0.000
 181 0.000
 182 0.000
 183 0.000
 184 0.000
 185 0.000
 186 0.000
 187 0.000
 188 0.000
 189 0.000
 190 0.000
 191 0.000
 192 0.000
 193 0.000
 194 0.000
 195 0.000
 196 0.000
 197 0.000
 198 0.000
 199 0.000
 200 0.000
 201 0.000
 202 0.000
 203 0.000
 204 0.000
 205 0.000
 206 0.000
 207 0.000
 208 0.000
 209 0.000
 210 0.000
 211 0.000
 212 0.000
 213 0.000
 214 0.000
 215 0.000
 216 0.000
 217 0.000
 218 0.000
 219 0.000
 220 0.000
 221 0.000
 222 0.000
 223 0.000
 224 0.000
 225 0.000
 226 0.000
 227 0.000
 228 0.000
 229 0.000
 230 0.000
 231 0.000
 232 0.000
 233 0.000
 234 0.000
 235 0.000
 236 0.000
 237 0.000
 238 0.000
 239 0.000
 240 0.000
 241 0.000
 242 0.000
 243 0.000
 244 0.000
 245 0.000
 246 0.000
 247 0.000
 248 0.000
 249 0.000
 250 0.000
 251 0.000
 252 0.000
 253 0.000
 254 0.000
 255 0.000
 256 0.000
 257 0.000
 258 0.000
 259 0.000
 260 0.000
 261 0.000
 262 0.000
 263 0.000
 264 0.000
 265 0.000
 266 0.000
 267 0.000
 268 0.000
 269 0.000
 270 0.000
 271 0.000
 272 0.000
 273 0.000
 274 0.000
 275 0.000
 276 0.000
 277 0.000
 278 0.000
 279 0.000
 280 0.000
 281 0.000
 282 0.000
 283 0.000
 284 0.000
 285 0.000
 286 0.000
 287 0.000
 288 0.000
 289 0.000
 290 0.000
 291 0.000
 292 0.000
 293 0.000
 294 0.000
 295 0.000
 296 0.000
 297 0.000
 298 0.000
 299 0.000
 300 0.000
 301 0.000
 302 0.000
 303 0.000
 304 0.000;

param S_max := 1 4
 2 4
 3 4
 4 4
 5 4
 6 4
 7 4
 8 4
 9 4
 10 4
 11 4
 12 4
 13 4
 14 4
 15 4
 16 4
 17 4
 18 4
 19 4
 20 4
 21 4
 22 4
 23 4
 24 4
 25 4
 26 4
 27 4
 28 4
 29 4
 30 4
 31 4
 32 4
 33 4
 34 4
 35 4
 36 4
 37 4
 38 4
 39 4
 40 4
 41 4
 42 4
 43 4
 44 4
 45 4
 46 4
 47 4
 48 4
 49 4
 50 4
 51 4
 52 4
 53 4
 54 4
 55 4
 56 4
 57 4
 58 4
 59 4
 60 4
 61 4
 62 4
 63 4
 64 4
 65 4
 66 4
 67 4
 68 4
 69 4
 70 4
 71 4
 72 4
 73 4
 74 4
 75 4
 76 4
 77 4
 78 4
 79 4
 80 4
 81 4
 82 4
 83 4
 84 4
 85 4
 86 4
 87 4
 88 4
 89 4
 90 4
 91 4
 92 4
 93 4
 94 4
 95 4
 96 4
 97 4
 98 4
 99 4
 100 4
 101 4
 102 4
 103 4
 104 4
 105 4
 106 4
 107 4
 108 4
 109 4
 110 4
 111 4
 112 4
 113 4
 114 4
 115 4
 116 4
 117 4
 118 4
 119 4
 120 4
 121 4
 122 4
 123 4
 124 4
 125 4
 126 4
 127 4
 128 4
 129 4
 130 4
 131 4
 132 4
 133 4
 134 4
 135 4
 136 4
 137 4
 138 4
 139 4
 140 4
 141 4
 142 4
 143 4
 144 4
 145 4
 146 4
 147 4
 148 4
 149 4
 150 4
 151 4
 152 4
 153 4
 154 4
 155 4
 156 4
 157 4
 158 4
 159 4
 160 4
 161 4
 162 4
 163 4
 164 4
 165 4
 166 4
 167 4
 168 4
 169 4
 170 4
 171 4
 172 4
 173 4
 174 4
 175 4
 176 4
 177 4
 178 4
 179 4
 180 4
 181 4
 182 4
 183 4
 184 4
 185 4
 186 4
 187 4
 188 4
 189 4
 190 4
 191 4
 192 4
 193 4
 194 4
 195 4
 196 4
 197 4
 198 4
 199 4
 200 4
 201 4
 202 4
 203 4
 204 4
 205 4
 206 4
 207 4
 208 4
 209 4
 210 4
 211 4
 212 4
 213 4
 214 4
 215 4
 216 4
 217 4
 218 4
 219 4
 220 4
 221 4
 222 4
 223 4
 224 4
 225 4
 226 4
 227 4
 228 4
 229 4
 230 4
 231 4
 232 4
 233 4
 234 4
 235 4
 236 4
 237 4
 238 4
 239 4
 240 4
 241 4
 242 4
 243 4
 244 4
 245 4
 246 4
 247 4
 248 4
 249 4
 250 4
 251 4
 252 4
 253 4
 254 4
 255 4
 256 4
 257 4
 258 4
 259 4
 260 4
 261 4
 262 4
 263 4
 264 4
 265 4
 266 4
 267 4
 268 4
 269 4
 270 4
 271 4
 272 4
 273 4
 274 4
 275 4
 276 4
 277 4
 278 4
 279 4
 280 4
 281 4
 282 4
 283 4
 284 4
 285 4
 286 4
 287 4
 288 4
 289 4
 290 4
 291 4
 292 4
 293 4
 294 4
 295 4
 296 4
 297 4
 298 4
 299 4
 300 4
 301 4
 302 4
 303 4
 304 4;

param price_W := 1 0.000
 2 0.028
 3 0.030
 4 0.034
 5 0.031
 6 0.030
 7 0.029
 8 0.027
 9 0.025
 10 0.024
 11 0.023
 12 0.024
 13 0.031
 14 0.033
 15 0.032
 16 0.032
 17 0.031
 18 0.027
 19 0.021;

param price_R := 1 0.000
 2 0.062
 3 0.066
 4 0.075
 5 0.069
 6 0.066
 7 0.063
 8 0.060
 9 0.055
 10 0.052
 11 0.050
 12 0.174
 13 0.187
 14 0.192
 15 0.191
 16 0.070
 17 0.069
 18 0.060
 19 0.047;

param B := 1 0.0049
 2 0.0049
 3 0.0049
 4 0.0049
 5 0.0049
 6 0.0049
 7 0.0049
 8 0.0049
 9 0.0049
 10 0.0049
 11 0.0049
 12 0.0049
 13 0.0049
 14 0.0049
 15 0.0049
 16 0.0049
 17 0.0049
 18 0.0049
 19 0.0049;

param G : 1  2  3  4  5  6  7  8  9  10  11  12  13  14  15  16  17  18  19:=
 1 0.000  0.002  0.043  0.488  0.778  0.605  0.396  0.462  0.443  0.346  0.315  0.300  0.378  0.234  0.205  0.147  0.023  0.000 0.000
 2 0.000  0.000  0.104  0.117  0.681  0.344  0.091  0.107  0.081  0.069  0.098  0.186  0.098  0.115  0.051  0.019  0.003  0.000 0.000
 3 0.000  0.000  0.021  0.224  0.081  0.109  0.030  0.138  0.110  0.262  0.304  0.412  0.402  0.560  0.166  0.020  0.021  0.024 0.000
 4 0.000  0.073  0.150  0.171  0.191  1.134  1.372  1.141  1.991  2.197  1.777  1.788  1.363  1.359  0.445  0.289  0.098  0.000 0.000
 5 0.000  0.042  0.316  0.822  1.119  1.132  1.100  0.823  0.942  1.063  0.891  0.652  0.326  0.212  0.160  0.095  0.015  0.000 0.000
 6 0.006  0.039  0.139  0.342  0.605  1.260  1.529  1.213  1.476  1.007  1.445  1.553  0.766  0.560  0.269  0.456  0.073  0.012 0.009
 7 0.021  0.564  1.910  2.729  2.858  1.089  2.095  2.667  2.041  1.884  1.415  1.161  0.840  0.567  0.423  0.280  0.165  0.114 0.002
 8 0.000  0.097  0.216  0.525  0.971  1.671  2.207  3.109  3.207  2.746  2.922  2.919  1.727  0.828  0.569  0.232  0.120  0.004 0.000
 9 0.000  0.002  0.043  0.488  0.778  0.605  0.396  0.462  0.443  0.346  0.315  0.300  0.378  0.234  0.205  0.147  0.023  0.000 0.000
 10 0.000  0.000  0.104  0.117  0.681  0.344  0.091  0.107  0.081  0.069  0.098  0.186  0.098  0.115  0.051  0.019  0.003  0.000 0.000
 11 0.000  0.000  0.021  0.224  0.081  0.109  0.030  0.138  0.110  0.262  0.304  0.412  0.402  0.560  0.166  0.020  0.021  0.024 0.000
 12 0.000  0.073  0.150  0.171  0.191  1.134  1.372  1.141  1.991  2.197  1.777  1.788  1.363  1.359  0.445  0.289  0.098  0.000 0.000
 13 0.000  0.042  0.316  0.822  1.119  1.132  1.100  0.823  0.942  1.063  0.891  0.652  0.326  0.212  0.160  0.095  0.015  0.000 0.000
 14 0.006  0.039  0.139  0.342  0.605  1.260  1.529  1.213  1.476  1.007  1.445  1.553  0.766  0.560  0.269  0.456  0.073  0.012 0.009
 15 0.021  0.564  1.910  2.729  2.858  1.089  2.095  2.667  2.041  1.884  1.415  1.161  0.840  0.567  0.423  0.280  0.165  0.114 0.002
 16 0.000  0.097  0.216  0.525  0.971  1.671  2.207  3.109  3.207  2.746  2.922  2.919  1.727  0.828  0.569  0.232  0.120  0.004 0.000
 17 0.000  0.002  0.043  0.488  0.778  0.605  0.396  0.462  0.443  0.346  0.315  0.300  0.378  0.234  0.205  0.147  0.023  0.000 0.000
 18 0.000  0.000  0.104  0.117  0.681  0.344  0.091  0.107  0.081  0.069  0.098  0.186  0.098  0.115  0.051  0.019  0.003  0.000 0.000
 19 0.000  0.000  0.021  0.224  0.081  0.109  0.030  0.138  0.110  0.262  0.304  0.412  0.402  0.560  0.166  0.020  0.021  0.024 0.000
 20 0.000  0.073  0.150  0.171  0.191  1.134  1.372  1.141  1.991  2.197  1.777  1.788  1.363  1.359  0.445  0.289  0.098  0.000 0.000
 21 0.000  0.042  0.316  0.822  1.119  1.132  1.100  0.823  0.942  1.063  0.891  0.652  0.326  0.212  0.160  0.095  0.015  0.000 0.000
 22 0.006  0.039  0.139  0.342  0.605  1.260  1.529  1.213  1.476  1.007  1.445  1.553  0.766  0.560  0.269  0.456  0.073  0.012 0.009
 23 0.021  0.564  1.910  2.729  2.858  1.089  2.095  2.667  2.041  1.884  1.415  1.161  0.840  0.567  0.423  0.280  0.165  0.114 0.002
 24 0.000  0.097  0.216  0.525  0.971  1.671  2.207  3.109  3.207  2.746  2.922  2.919  1.727  0.828  0.569  0.232  0.120  0.004 0.000
 25 0.000  0.002  0.043  0.488  0.778  0.605  0.396  0.462  0.443  0.346  0.315  0.300  0.378  0.234  0.205  0.147  0.023  0.000 0.000
 26 0.000  0.000  0.104  0.117  0.681  0.344  0.091  0.107  0.081  0.069  0.098  0.186  0.098  0.115  0.051  0.019  0.003  0.000 0.000
 27 0.000  0.000  0.021  0.224  0.081  0.109  0.030  0.138  0.110  0.262  0.304  0.412  0.402  0.560  0.166  0.020  0.021  0.024 0.000
 28 0.000  0.073  0.150  0.171  0.191  1.134  1.372  1.141  1.991  2.197  1.777  1.788  1.363  1.359  0.445  0.289  0.098  0.000 0.000
 29 0.000  0.042  0.316  0.822  1.119  1.132  1.100  0.823  0.942  1.063  0.891  0.652  0.326  0.212  0.160  0.095  0.015  0.000 0.000
 30 0.006  0.039  0.139  0.342  0.605  1.260  1.529  1.213  1.476  1.007  1.445  1.553  0.766  0.560  0.269  0.456  0.073  0.012 0.009
 31 0.021  0.564  1.910  2.729  2.858  1.089  2.095  2.667  2.041  1.884  1.415  1.161  0.840  0.567  0.423  0.280  0.165  0.114 0.002
 32 0.000  0.097  0.216  0.525  0.971  1.671  2.207  3.109  3.207  2.746  2.922  2.919  1.727  0.828  0.569  0.232  0.120  0.004 0.000
 33 0.000  0.002  0.043  0.488  0.778  0.605  0.396  0.462  0.443  0.346  0.315  0.300  0.378  0.234  0.205  0.147  0.023  0.000 0.000
 34 0.000  0.000  0.104  0.117  0.681  0.344  0.091  0.107  0.081  0.069  0.098  0.186  0.098  0.115  0.051  0.019  0.003  0.000 0.000
 35 0.000  0.000  0.021  0.224  0.081  0.109  0.030  0.138  0.110  0.262  0.304  0.412  0.402  0.560  0.166  0.020  0.021  0.024 0.000
 36 0.000  0.073  0.150  0.171  0.191  1.134  1.372  1.141  1.991  2.197  1.777  1.788  1.363  1.359  0.445  0.289  0.098  0.000 0.000
 37 0.000  0.042  0.316  0.822  1.119  1.132  1.100  0.823  0.942  1.063  0.891  0.652  0.326  0.212  0.160  0.095  0.015  0.000 0.000
 38 0.006  0.039  0.139  0.342  0.605  1.260  1.529  1.213  1.476  1.007  1.445  1.553  0.766  0.560  0.269  0.456  0.073  0.012 0.009
 39 0.021  0.564  1.910  2.729  2.858  1.089  2.095  2.667  2.041  1.884  1.415  1.161  0.840  0.567  0.423  0.280  0.165  0.114 0.002
 40 0.000  0.097  0.216  0.525  0.971  1.671  2.207  3.109  3.207  2.746  2.922  2.919  1.727  0.828  0.569  0.232  0.120  0.004 0.000
 41 0.000  0.002  0.043  0.488  0.778  0.605  0.396  0.462  0.443  0.346  0.315  0.300  0.378  0.234  0.205  0.147  0.023  0.000 0.000
 42 0.000  0.000  0.104  0.117  0.681  0.344  0.091  0.107  0.081  0.069  0.098  0.186  0.098  0.115  0.051  0.019  0.003  0.000 0.000
 43 0.000  0.000  0.021  0.224  0.081  0.109  0.030  0.138  0.110  0.262  0.304  0.412  0.402  0.560  0.166  0.020  0.021  0.024 0.000
 44 0.000  0.073  0.150  0.171  0.191  1.134  1.372  1.141  1.991  2.197  1.777  1.788  1.363  1.359  0.445  0.289  0.098  0.000 0.000
 45 0.000  0.042  0.316  0.822  1.119  1.132  1.100  0.823  0.942  1.063  0.891  0.652  0.326  0.212  0.160  0.095  0.015  0.000 0.000
 46 0.006  0.039  0.139  0.342  0.605  1.260  1.529  1.213  1.476  1.007  1.445  1.553  0.766  0.560  0.269  0.456  0.073  0.012 0.009
 47 0.021  0.564  1.910  2.729  2.858  1.089  2.095  2.667  2.041  1.884  1.415  1.161  0.840  0.567  0.423  0.280  0.165  0.114 0.002
 48 0.000  0.097  0.216  0.525  0.971  1.671  2.207  3.109  3.207  2.746  2.922  2.919  1.727  0.828  0.569  0.232  0.120  0.004 0.000
 49 0.000  0.002  0.043  0.488  0.778  0.605  0.396  0.462  0.443  0.346  0.315  0.300  0.378  0.234  0.205  0.147  0.023  0.000 0.000
 50 0.000  0.000  0.104  0.117  0.681  0.344  0.091  0.107  0.081  0.069  0.098  0.186  0.098  0.115  0.051  0.019  0.003  0.000 0.000
 51 0.000  0.000  0.021  0.224  0.081  0.109  0.030  0.138  0.110  0.262  0.304  0.412  0.402  0.560  0.166  0.020  0.021  0.024 0.000
 52 0.000  0.073  0.150  0.171  0.191  1.134  1.372  1.141  1.991  2.197  1.777  1.788  1.363  1.359  0.445  0.289  0.098  0.000 0.000
 53 0.000  0.042  0.316  0.822  1.119  1.132  1.100  0.823  0.942  1.063  0.891  0.652  0.326  0.212  0.160  0.095  0.015  0.000 0.000
 54 0.006  0.039  0.139  0.342  0.605  1.260  1.529  1.213  1.476  1.007  1.445  1.553  0.766  0.560  0.269  0.456  0.073  0.012 0.009
 55 0.021  0.564  1.910  2.729  2.858  1.089  2.095  2.667  2.041  1.884  1.415  1.161  0.840  0.567  0.423  0.280  0.165  0.114 0.002
 56 0.000  0.097  0.216  0.525  0.971  1.671  2.207  3.109  3.207  2.746  2.922  2.919  1.727  0.828  0.569  0.232  0.120  0.004 0.000
 57 0.000  0.002  0.043  0.488  0.778  0.605  0.396  0.462  0.443  0.346  0.315  0.300  0.378  0.234  0.205  0.147  0.023  0.000 0.000
 58 0.000  0.000  0.104  0.117  0.681  0.344  0.091  0.107  0.081  0.069  0.098  0.186  0.098  0.115  0.051  0.019  0.003  0.000 0.000
 59 0.000  0.000  0.021  0.224  0.081  0.109  0.030  0.138  0.110  0.262  0.304  0.412  0.402  0.560  0.166  0.020  0.021  0.024 0.000
 60 0.000  0.073  0.150  0.171  0.191  1.134  1.372  1.141  1.991  2.197  1.777  1.788  1.363  1.359  0.445  0.289  0.098  0.000 0.000
 61 0.000  0.042  0.316  0.822  1.119  1.132  1.100  0.823  0.942  1.063  0.891  0.652  0.326  0.212  0.160  0.095  0.015  0.000 0.000
 62 0.006  0.039  0.139  0.342  0.605  1.260  1.529  1.213  1.476  1.007  1.445  1.553  0.766  0.560  0.269  0.456  0.073  0.012 0.009
 63 0.021  0.564  1.910  2.729  2.858  1.089  2.095  2.667  2.041  1.884  1.415  1.161  0.840  0.567  0.423  0.280  0.165  0.114 0.002
 64 0.000  0.097  0.216  0.525  0.971  1.671  2.207  3.109  3.207  2.746  2.922  2.919  1.727  0.828  0.569  0.232  0.120  0.004 0.000
 65 0.000  0.002  0.043  0.488  0.778  0.605  0.396  0.462  0.443  0.346  0.315  0.300  0.378  0.234  0.205  0.147  0.023  0.000 0.000
 66 0.000  0.000  0.104  0.117  0.681  0.344  0.091  0.107  0.081  0.069  0.098  0.186  0.098  0.115  0.051  0.019  0.003  0.000 0.000
 67 0.000  0.000  0.021  0.224  0.081  0.109  0.030  0.138  0.110  0.262  0.304  0.412  0.402  0.560  0.166  0.020  0.021  0.024 0.000
 68 0.000  0.073  0.150  0.171  0.191  1.134  1.372  1.141  1.991  2.197  1.777  1.788  1.363  1.359  0.445  0.289  0.098  0.000 0.000
 69 0.000  0.042  0.316  0.822  1.119  1.132  1.100  0.823  0.942  1.063  0.891  0.652  0.326  0.212  0.160  0.095  0.015  0.000 0.000
 70 0.006  0.039  0.139  0.342  0.605  1.260  1.529  1.213  1.476  1.007  1.445  1.553  0.766  0.560  0.269  0.456  0.073  0.012 0.009
 71 0.021  0.564  1.910  2.729  2.858  1.089  2.095  2.667  2.041  1.884  1.415  1.161  0.840  0.567  0.423  0.280  0.165  0.114 0.002
 72 0.000  0.097  0.216  0.525  0.971  1.671  2.207  3.109  3.207  2.746  2.922  2.919  1.727  0.828  0.569  0.232  0.120  0.004 0.000
 73 0.000  0.002  0.043  0.488  0.778  0.605  0.396  0.462  0.443  0.346  0.315  0.300  0.378  0.234  0.205  0.147  0.023  0.000 0.000
 74 0.000  0.000  0.104  0.117  0.681  0.344  0.091  0.107  0.081  0.069  0.098  0.186  0.098  0.115  0.051  0.019  0.003  0.000 0.000
 75 0.000  0.000  0.021  0.224  0.081  0.109  0.030  0.138  0.110  0.262  0.304  0.412  0.402  0.560  0.166  0.020  0.021  0.024 0.000
 76 0.000  0.073  0.150  0.171  0.191  1.134  1.372  1.141  1.991  2.197  1.777  1.788  1.363  1.359  0.445  0.289  0.098  0.000 0.000
 77 0.000  0.042  0.316  0.822  1.119  1.132  1.100  0.823  0.942  1.063  0.891  0.652  0.326  0.212  0.160  0.095  0.015  0.000 0.000
 78 0.006  0.039  0.139  0.342  0.605  1.260  1.529  1.213  1.476  1.007  1.445  1.553  0.766  0.560  0.269  0.456  0.073  0.012 0.009
 79 0.021  0.564  1.910  2.729  2.858  1.089  2.095  2.667  2.041  1.884  1.415  1.161  0.840  0.567  0.423  0.280  0.165  0.114 0.002
 80 0.000  0.097  0.216  0.525  0.971  1.671  2.207  3.109  3.207  2.746  2.922  2.919  1.727  0.828  0.569  0.232  0.120  0.004 0.000
 81 0.000  0.002  0.043  0.488  0.778  0.605  0.396  0.462  0.443  0.346  0.315  0.300  0.378  0.234  0.205  0.147  0.023  0.000 0.000
 82 0.000  0.000  0.104  0.117  0.681  0.344  0.091  0.107  0.081  0.069  0.098  0.186  0.098  0.115  0.051  0.019  0.003  0.000 0.000
 83 0.000  0.000  0.021  0.224  0.081  0.109  0.030  0.138  0.110  0.262  0.304  0.412  0.402  0.560  0.166  0.020  0.021  0.024 0.000
 84 0.000  0.073  0.150  0.171  0.191  1.134  1.372  1.141  1.991  2.197  1.777  1.788  1.363  1.359  0.445  0.289  0.098  0.000 0.000
 85 0.000  0.042  0.316  0.822  1.119  1.132  1.100  0.823  0.942  1.063  0.891  0.652  0.326  0.212  0.160  0.095  0.015  0.000 0.000
 86 0.006  0.039  0.139  0.342  0.605  1.260  1.529  1.213  1.476  1.007  1.445  1.553  0.766  0.560  0.269  0.456  0.073  0.012 0.009
 87 0.021  0.564  1.910  2.729  2.858  1.089  2.095  2.667  2.041  1.884  1.415  1.161  0.840  0.567  0.423  0.280  0.165  0.114 0.002
 88 0.000  0.097  0.216  0.525  0.971  1.671  2.207  3.109  3.207  2.746  2.922  2.919  1.727  0.828  0.569  0.232  0.120  0.004 0.000
 89 0.000  0.002  0.043  0.488  0.778  0.605  0.396  0.462  0.443  0.346  0.315  0.300  0.378  0.234  0.205  0.147  0.023  0.000 0.000
 90 0.000  0.000  0.104  0.117  0.681  0.344  0.091  0.107  0.081  0.069  0.098  0.186  0.098  0.115  0.051  0.019  0.003  0.000 0.000
 91 0.000  0.000  0.021  0.224  0.081  0.109  0.030  0.138  0.110  0.262  0.304  0.412  0.402  0.560  0.166  0.020  0.021  0.024 0.000
 92 0.000  0.073  0.150  0.171  0.191  1.134  1.372  1.141  1.991  2.197  1.777  1.788  1.363  1.359  0.445  0.289  0.098  0.000 0.000
 93 0.000  0.042  0.316  0.822  1.119  1.132  1.100  0.823  0.942  1.063  0.891  0.652  0.326  0.212  0.160  0.095  0.015  0.000 0.000
 94 0.006  0.039  0.139  0.342  0.605  1.260  1.529  1.213  1.476  1.007  1.445  1.553  0.766  0.560  0.269  0.456  0.073  0.012 0.009
 95 0.021  0.564  1.910  2.729  2.858  1.089  2.095  2.667  2.041  1.884  1.415  1.161  0.840  0.567  0.423  0.280  0.165  0.114 0.002
 96 0.000  0.097  0.216  0.525  0.971  1.671  2.207  3.109  3.207  2.746  2.922  2.919  1.727  0.828  0.569  0.232  0.120  0.004 0.000
 97 0.000  0.002  0.043  0.488  0.778  0.605  0.396  0.462  0.443  0.346  0.315  0.300  0.378  0.234  0.205  0.147  0.023  0.000 0.000
 98 0.000  0.000  0.104  0.117  0.681  0.344  0.091  0.107  0.081  0.069  0.098  0.186  0.098  0.115  0.051  0.019  0.003  0.000 0.000
 99 0.000  0.000  0.021  0.224  0.081  0.109  0.030  0.138  0.110  0.262  0.304  0.412  0.402  0.560  0.166  0.020  0.021  0.024 0.000
 100 0.000  0.073  0.150  0.171  0.191  1.134  1.372  1.141  1.991  2.197  1.777  1.788  1.363  1.359  0.445  0.289  0.098  0.000 0.000
 101 0.000  0.042  0.316  0.822  1.119  1.132  1.100  0.823  0.942  1.063  0.891  0.652  0.326  0.212  0.160  0.095  0.015  0.000 0.000
 102 0.006  0.039  0.139  0.342  0.605  1.260  1.529  1.213  1.476  1.007  1.445  1.553  0.766  0.560  0.269  0.456  0.073  0.012 0.009
 103 0.021  0.564  1.910  2.729  2.858  1.089  2.095  2.667  2.041  1.884  1.415  1.161  0.840  0.567  0.423  0.280  0.165  0.114 0.002
 104 0.000  0.097  0.216  0.525  0.971  1.671  2.207  3.109  3.207  2.746  2.922  2.919  1.727  0.828  0.569  0.232  0.120  0.004 0.000
 105 0.000  0.002  0.043  0.488  0.778  0.605  0.396  0.462  0.443  0.346  0.315  0.300  0.378  0.234  0.205  0.147  0.023  0.000 0.000
 106 0.000  0.000  0.104  0.117  0.681  0.344  0.091  0.107  0.081  0.069  0.098  0.186  0.098  0.115  0.051  0.019  0.003  0.000 0.000
 107 0.000  0.000  0.021  0.224  0.081  0.109  0.030  0.138  0.110  0.262  0.304  0.412  0.402  0.560  0.166  0.020  0.021  0.024 0.000
 108 0.000  0.073  0.150  0.171  0.191  1.134  1.372  1.141  1.991  2.197  1.777  1.788  1.363  1.359  0.445  0.289  0.098  0.000 0.000
 109 0.000  0.042  0.316  0.822  1.119  1.132  1.100  0.823  0.942  1.063  0.891  0.652  0.326  0.212  0.160  0.095  0.015  0.000 0.000
 110 0.006  0.039  0.139  0.342  0.605  1.260  1.529  1.213  1.476  1.007  1.445  1.553  0.766  0.560  0.269  0.456  0.073  0.012 0.009
 111 0.021  0.564  1.910  2.729  2.858  1.089  2.095  2.667  2.041  1.884  1.415  1.161  0.840  0.567  0.423  0.280  0.165  0.114 0.002
 112 0.000  0.097  0.216  0.525  0.971  1.671  2.207  3.109  3.207  2.746  2.922  2.919  1.727  0.828  0.569  0.232  0.120  0.004 0.000
 113 0.000  0.002  0.043  0.488  0.778  0.605  0.396  0.462  0.443  0.346  0.315  0.300  0.378  0.234  0.205  0.147  0.023  0.000 0.000
 114 0.000  0.000  0.104  0.117  0.681  0.344  0.091  0.107  0.081  0.069  0.098  0.186  0.098  0.115  0.051  0.019  0.003  0.000 0.000
 115 0.000  0.000  0.021  0.224  0.081  0.109  0.030  0.138  0.110  0.262  0.304  0.412  0.402  0.560  0.166  0.020  0.021  0.024 0.000
 116 0.000  0.073  0.150  0.171  0.191  1.134  1.372  1.141  1.991  2.197  1.777  1.788  1.363  1.359  0.445  0.289  0.098  0.000 0.000
 117 0.000  0.042  0.316  0.822  1.119  1.132  1.100  0.823  0.942  1.063  0.891  0.652  0.326  0.212  0.160  0.095  0.015  0.000 0.000
 118 0.006  0.039  0.139  0.342  0.605  1.260  1.529  1.213  1.476  1.007  1.445  1.553  0.766  0.560  0.269  0.456  0.073  0.012 0.009
 119 0.021  0.564  1.910  2.729  2.858  1.089  2.095  2.667  2.041  1.884  1.415  1.161  0.840  0.567  0.423  0.280  0.165  0.114 0.002
 120 0.000  0.097  0.216  0.525  0.971  1.671  2.207  3.109  3.207  2.746  2.922  2.919  1.727  0.828  0.569  0.232  0.120  0.004 0.000
 121 0.000  0.002  0.043  0.488  0.778  0.605  0.396  0.462  0.443  0.346  0.315  0.300  0.378  0.234  0.205  0.147  0.023  0.000 0.000
 122 0.000  0.000  0.104  0.117  0.681  0.344  0.091  0.107  0.081  0.069  0.098  0.186  0.098  0.115  0.051  0.019  0.003  0.000 0.000
 123 0.000  0.000  0.021  0.224  0.081  0.109  0.030  0.138  0.110  0.262  0.304  0.412  0.402  0.560  0.166  0.020  0.021  0.024 0.000
 124 0.000  0.073  0.150  0.171  0.191  1.134  1.372  1.141  1.991  2.197  1.777  1.788  1.363  1.359  0.445  0.289  0.098  0.000 0.000
 125 0.000  0.042  0.316  0.822  1.119  1.132  1.100  0.823  0.942  1.063  0.891  0.652  0.326  0.212  0.160  0.095  0.015  0.000 0.000
 126 0.006  0.039  0.139  0.342  0.605  1.260  1.529  1.213  1.476  1.007  1.445  1.553  0.766  0.560  0.269  0.456  0.073  0.012 0.009
 127 0.021  0.564  1.910  2.729  2.858  1.089  2.095  2.667  2.041  1.884  1.415  1.161  0.840  0.567  0.423  0.280  0.165  0.114 0.002
 128 0.000  0.097  0.216  0.525  0.971  1.671  2.207  3.109  3.207  2.746  2.922  2.919  1.727  0.828  0.569  0.232  0.120  0.004 0.000
 129 0.000  0.002  0.043  0.488  0.778  0.605  0.396  0.462  0.443  0.346  0.315  0.300  0.378  0.234  0.205  0.147  0.023  0.000 0.000
 130 0.000  0.000  0.104  0.117  0.681  0.344  0.091  0.107  0.081  0.069  0.098  0.186  0.098  0.115  0.051  0.019  0.003  0.000 0.000
 131 0.000  0.000  0.021  0.224  0.081  0.109  0.030  0.138  0.110  0.262  0.304  0.412  0.402  0.560  0.166  0.020  0.021  0.024 0.000
 132 0.000  0.073  0.150  0.171  0.191  1.134  1.372  1.141  1.991  2.197  1.777  1.788  1.363  1.359  0.445  0.289  0.098  0.000 0.000
 133 0.000  0.042  0.316  0.822  1.119  1.132  1.100  0.823  0.942  1.063  0.891  0.652  0.326  0.212  0.160  0.095  0.015  0.000 0.000
 134 0.006  0.039  0.139  0.342  0.605  1.260  1.529  1.213  1.476  1.007  1.445  1.553  0.766  0.560  0.269  0.456  0.073  0.012 0.009
 135 0.021  0.564  1.910  2.729  2.858  1.089  2.095  2.667  2.041  1.884  1.415  1.161  0.840  0.567  0.423  0.280  0.165  0.114 0.002
 136 0.000  0.097  0.216  0.525  0.971  1.671  2.207  3.109  3.207  2.746  2.922  2.919  1.727  0.828  0.569  0.232  0.120  0.004 0.000
 137 0.000  0.002  0.043  0.488  0.778  0.605  0.396  0.462  0.443  0.346  0.315  0.300  0.378  0.234  0.205  0.147  0.023  0.000 0.000
 138 0.000  0.000  0.104  0.117  0.681  0.344  0.091  0.107  0.081  0.069  0.098  0.186  0.098  0.115  0.051  0.019  0.003  0.000 0.000
 139 0.000  0.000  0.021  0.224  0.081  0.109  0.030  0.138  0.110  0.262  0.304  0.412  0.402  0.560  0.166  0.020  0.021  0.024 0.000
 140 0.000  0.073  0.150  0.171  0.191  1.134  1.372  1.141  1.991  2.197  1.777  1.788  1.363  1.359  0.445  0.289  0.098  0.000 0.000
 141 0.000  0.042  0.316  0.822  1.119  1.132  1.100  0.823  0.942  1.063  0.891  0.652  0.326  0.212  0.160  0.095  0.015  0.000 0.000
 142 0.006  0.039  0.139  0.342  0.605  1.260  1.529  1.213  1.476  1.007  1.445  1.553  0.766  0.560  0.269  0.456  0.073  0.012 0.009
 143 0.021  0.564  1.910  2.729  2.858  1.089  2.095  2.667  2.041  1.884  1.415  1.161  0.840  0.567  0.423  0.280  0.165  0.114 0.002
 144 0.000  0.097  0.216  0.525  0.971  1.671  2.207  3.109  3.207  2.746  2.922  2.919  1.727  0.828  0.569  0.232  0.120  0.004 0.000
 145 0.000  0.002  0.043  0.488  0.778  0.605  0.396  0.462  0.443  0.346  0.315  0.300  0.378  0.234  0.205  0.147  0.023  0.000 0.000
 146 0.000  0.000  0.104  0.117  0.681  0.344  0.091  0.107  0.081  0.069  0.098  0.186  0.098  0.115  0.051  0.019  0.003  0.000 0.000
 147 0.000  0.000  0.021  0.224  0.081  0.109  0.030  0.138  0.110  0.262  0.304  0.412  0.402  0.560  0.166  0.020  0.021  0.024 0.000
 148 0.000  0.073  0.150  0.171  0.191  1.134  1.372  1.141  1.991  2.197  1.777  1.788  1.363  1.359  0.445  0.289  0.098  0.000 0.000
 149 0.000  0.042  0.316  0.822  1.119  1.132  1.100  0.823  0.942  1.063  0.891  0.652  0.326  0.212  0.160  0.095  0.015  0.000 0.000
 150 0.006  0.039  0.139  0.342  0.605  1.260  1.529  1.213  1.476  1.007  1.445  1.553  0.766  0.560  0.269  0.456  0.073  0.012 0.009
 151 0.021  0.564  1.910  2.729  2.858  1.089  2.095  2.667  2.041  1.884  1.415  1.161  0.840  0.567  0.423  0.280  0.165  0.114 0.002
 152 0.000  0.097  0.216  0.525  0.971  1.671  2.207  3.109  3.207  2.746  2.922  2.919  1.727  0.828  0.569  0.232  0.120  0.004 0.000
 153 0.000  0.002  0.043  0.488  0.778  0.605  0.396  0.462  0.443  0.346  0.315  0.300  0.378  0.234  0.205  0.147  0.023  0.000 0.000
 154 0.000  0.000  0.104  0.117  0.681  0.344  0.091  0.107  0.081  0.069  0.098  0.186  0.098  0.115  0.051  0.019  0.003  0.000 0.000
 155 0.000  0.000  0.021  0.224  0.081  0.109  0.030  0.138  0.110  0.262  0.304  0.412  0.402  0.560  0.166  0.020  0.021  0.024 0.000
 156 0.000  0.073  0.150  0.171  0.191  1.134  1.372  1.141  1.991  2.197  1.777  1.788  1.363  1.359  0.445  0.289  0.098  0.000 0.000
 157 0.000  0.042  0.316  0.822  1.119  1.132  1.100  0.823  0.942  1.063  0.891  0.652  0.326  0.212  0.160  0.095  0.015  0.000 0.000
 158 0.006  0.039  0.139  0.342  0.605  1.260  1.529  1.213  1.476  1.007  1.445  1.553  0.766  0.560  0.269  0.456  0.073  0.012 0.009
 159 0.021  0.564  1.910  2.729  2.858  1.089  2.095  2.667  2.041  1.884  1.415  1.161  0.840  0.567  0.423  0.280  0.165  0.114 0.002
 160 0.000  0.097  0.216  0.525  0.971  1.671  2.207  3.109  3.207  2.746  2.922  2.919  1.727  0.828  0.569  0.232  0.120  0.004 0.000
 161 0.000  0.002  0.043  0.488  0.778  0.605  0.396  0.462  0.443  0.346  0.315  0.300  0.378  0.234  0.205  0.147  0.023  0.000 0.000
 162 0.000  0.000  0.104  0.117  0.681  0.344  0.091  0.107  0.081  0.069  0.098  0.186  0.098  0.115  0.051  0.019  0.003  0.000 0.000
 163 0.000  0.000  0.021  0.224  0.081  0.109  0.030  0.138  0.110  0.262  0.304  0.412  0.402  0.560  0.166  0.020  0.021  0.024 0.000
 164 0.000  0.073  0.150  0.171  0.191  1.134  1.372  1.141  1.991  2.197  1.777  1.788  1.363  1.359  0.445  0.289  0.098  0.000 0.000
 165 0.000  0.042  0.316  0.822  1.119  1.132  1.100  0.823  0.942  1.063  0.891  0.652  0.326  0.212  0.160  0.095  0.015  0.000 0.000
 166 0.006  0.039  0.139  0.342  0.605  1.260  1.529  1.213  1.476  1.007  1.445  1.553  0.766  0.560  0.269  0.456  0.073  0.012 0.009
 167 0.021  0.564  1.910  2.729  2.858  1.089  2.095  2.667  2.041  1.884  1.415  1.161  0.840  0.567  0.423  0.280  0.165  0.114 0.002
 168 0.000  0.097  0.216  0.525  0.971  1.671  2.207  3.109  3.207  2.746  2.922  2.919  1.727  0.828  0.569  0.232  0.120  0.004 0.000
 169 0.000  0.002  0.043  0.488  0.778  0.605  0.396  0.462  0.443  0.346  0.315  0.300  0.378  0.234  0.205  0.147  0.023  0.000 0.000
 170 0.000  0.000  0.104  0.117  0.681  0.344  0.091  0.107  0.081  0.069  0.098  0.186  0.098  0.115  0.051  0.019  0.003  0.000 0.000
 171 0.000  0.000  0.021  0.224  0.081  0.109  0.030  0.138  0.110  0.262  0.304  0.412  0.402  0.560  0.166  0.020  0.021  0.024 0.000
 172 0.000  0.073  0.150  0.171  0.191  1.134  1.372  1.141  1.991  2.197  1.777  1.788  1.363  1.359  0.445  0.289  0.098  0.000 0.000
 173 0.000  0.042  0.316  0.822  1.119  1.132  1.100  0.823  0.942  1.063  0.891  0.652  0.326  0.212  0.160  0.095  0.015  0.000 0.000
 174 0.006  0.039  0.139  0.342  0.605  1.260  1.529  1.213  1.476  1.007  1.445  1.553  0.766  0.560  0.269  0.456  0.073  0.012 0.009
 175 0.021  0.564  1.910  2.729  2.858  1.089  2.095  2.667  2.041  1.884  1.415  1.161  0.840  0.567  0.423  0.280  0.165  0.114 0.002
 176 0.000  0.097  0.216  0.525  0.971  1.671  2.207  3.109  3.207  2.746  2.922  2.919  1.727  0.828  0.569  0.232  0.120  0.004 0.000
 177 0.000  0.002  0.043  0.488  0.778  0.605  0.396  0.462  0.443  0.346  0.315  0.300  0.378  0.234  0.205  0.147  0.023  0.000 0.000
 178 0.000  0.000  0.104  0.117  0.681  0.344  0.091  0.107  0.081  0.069  0.098  0.186  0.098  0.115  0.051  0.019  0.003  0.000 0.000
 179 0.000  0.000  0.021  0.224  0.081  0.109  0.030  0.138  0.110  0.262  0.304  0.412  0.402  0.560  0.166  0.020  0.021  0.024 0.000
 180 0.000  0.073  0.150  0.171  0.191  1.134  1.372  1.141  1.991  2.197  1.777  1.788  1.363  1.359  0.445  0.289  0.098  0.000 0.000
 181 0.000  0.042  0.316  0.822  1.119  1.132  1.100  0.823  0.942  1.063  0.891  0.652  0.326  0.212  0.160  0.095  0.015  0.000 0.000
 182 0.006  0.039  0.139  0.342  0.605  1.260  1.529  1.213  1.476  1.007  1.445  1.553  0.766  0.560  0.269  0.456  0.073  0.012 0.009
 183 0.021  0.564  1.910  2.729  2.858  1.089  2.095  2.667  2.041  1.884  1.415  1.161  0.840  0.567  0.423  0.280  0.165  0.114 0.002
 184 0.000  0.097  0.216  0.525  0.971  1.671  2.207  3.109  3.207  2.746  2.922  2.919  1.727  0.828  0.569  0.232  0.120  0.004 0.000
 185 0.000  0.002  0.043  0.488  0.778  0.605  0.396  0.462  0.443  0.346  0.315  0.300  0.378  0.234  0.205  0.147  0.023  0.000 0.000
 186 0.000  0.000  0.104  0.117  0.681  0.344  0.091  0.107  0.081  0.069  0.098  0.186  0.098  0.115  0.051  0.019  0.003  0.000 0.000
 187 0.000  0.000  0.021  0.224  0.081  0.109  0.030  0.138  0.110  0.262  0.304  0.412  0.402  0.560  0.166  0.020  0.021  0.024 0.000
 188 0.000  0.073  0.150  0.171  0.191  1.134  1.372  1.141  1.991  2.197  1.777  1.788  1.363  1.359  0.445  0.289  0.098  0.000 0.000
 189 0.000  0.042  0.316  0.822  1.119  1.132  1.100  0.823  0.942  1.063  0.891  0.652  0.326  0.212  0.160  0.095  0.015  0.000 0.000
 190 0.006  0.039  0.139  0.342  0.605  1.260  1.529  1.213  1.476  1.007  1.445  1.553  0.766  0.560  0.269  0.456  0.073  0.012 0.009
 191 0.021  0.564  1.910  2.729  2.858  1.089  2.095  2.667  2.041  1.884  1.415  1.161  0.840  0.567  0.423  0.280  0.165  0.114 0.002
 192 0.000  0.097  0.216  0.525  0.971  1.671  2.207  3.109  3.207  2.746  2.922  2.919  1.727  0.828  0.569  0.232  0.120  0.004 0.000
 193 0.000  0.002  0.043  0.488  0.778  0.605  0.396  0.462  0.443  0.346  0.315  0.300  0.378  0.234  0.205  0.147  0.023  0.000 0.000
 194 0.000  0.000  0.104  0.117  0.681  0.344  0.091  0.107  0.081  0.069  0.098  0.186  0.098  0.115  0.051  0.019  0.003  0.000 0.000
 195 0.000  0.000  0.021  0.224  0.081  0.109  0.030  0.138  0.110  0.262  0.304  0.412  0.402  0.560  0.166  0.020  0.021  0.024 0.000
 196 0.000  0.073  0.150  0.171  0.191  1.134  1.372  1.141  1.991  2.197  1.777  1.788  1.363  1.359  0.445  0.289  0.098  0.000 0.000
 197 0.000  0.042  0.316  0.822  1.119  1.132  1.100  0.823  0.942  1.063  0.891  0.652  0.326  0.212  0.160  0.095  0.015  0.000 0.000
 198 0.006  0.039  0.139  0.342  0.605  1.260  1.529  1.213  1.476  1.007  1.445  1.553  0.766  0.560  0.269  0.456  0.073  0.012 0.009
 199 0.021  0.564  1.910  2.729  2.858  1.089  2.095  2.667  2.041  1.884  1.415  1.161  0.840  0.567  0.423  0.280  0.165  0.114 0.002
 200 0.000  0.097  0.216  0.525  0.971  1.671  2.207  3.109  3.207  2.746  2.922  2.919  1.727  0.828  0.569  0.232  0.120  0.004 0.000
 201 0.000  0.002  0.043  0.488  0.778  0.605  0.396  0.462  0.443  0.346  0.315  0.300  0.378  0.234  0.205  0.147  0.023  0.000 0.000
 202 0.000  0.000  0.104  0.117  0.681  0.344  0.091  0.107  0.081  0.069  0.098  0.186  0.098  0.115  0.051  0.019  0.003  0.000 0.000
 203 0.000  0.000  0.021  0.224  0.081  0.109  0.030  0.138  0.110  0.262  0.304  0.412  0.402  0.560  0.166  0.020  0.021  0.024 0.000
 204 0.000  0.073  0.150  0.171  0.191  1.134  1.372  1.141  1.991  2.197  1.777  1.788  1.363  1.359  0.445  0.289  0.098  0.000 0.000
 205 0.000  0.042  0.316  0.822  1.119  1.132  1.100  0.823  0.942  1.063  0.891  0.652  0.326  0.212  0.160  0.095  0.015  0.000 0.000
 206 0.006  0.039  0.139  0.342  0.605  1.260  1.529  1.213  1.476  1.007  1.445  1.553  0.766  0.560  0.269  0.456  0.073  0.012 0.009
 207 0.021  0.564  1.910  2.729  2.858  1.089  2.095  2.667  2.041  1.884  1.415  1.161  0.840  0.567  0.423  0.280  0.165  0.114 0.002
 208 0.000  0.097  0.216  0.525  0.971  1.671  2.207  3.109  3.207  2.746  2.922  2.919  1.727  0.828  0.569  0.232  0.120  0.004 0.000
 209 0.000  0.002  0.043  0.488  0.778  0.605  0.396  0.462  0.443  0.346  0.315  0.300  0.378  0.234  0.205  0.147  0.023  0.000 0.000
 210 0.000  0.000  0.104  0.117  0.681  0.344  0.091  0.107  0.081  0.069  0.098  0.186  0.098  0.115  0.051  0.019  0.003  0.000 0.000
 211 0.000  0.000  0.021  0.224  0.081  0.109  0.030  0.138  0.110  0.262  0.304  0.412  0.402  0.560  0.166  0.020  0.021  0.024 0.000
 212 0.000  0.073  0.150  0.171  0.191  1.134  1.372  1.141  1.991  2.197  1.777  1.788  1.363  1.359  0.445  0.289  0.098  0.000 0.000
 213 0.000  0.042  0.316  0.822  1.119  1.132  1.100  0.823  0.942  1.063  0.891  0.652  0.326  0.212  0.160  0.095  0.015  0.000 0.000
 214 0.006  0.039  0.139  0.342  0.605  1.260  1.529  1.213  1.476  1.007  1.445  1.553  0.766  0.560  0.269  0.456  0.073  0.012 0.009
 215 0.021  0.564  1.910  2.729  2.858  1.089  2.095  2.667  2.041  1.884  1.415  1.161  0.840  0.567  0.423  0.280  0.165  0.114 0.002
 216 0.000  0.097  0.216  0.525  0.971  1.671  2.207  3.109  3.207  2.746  2.922  2.919  1.727  0.828  0.569  0.232  0.120  0.004 0.000
 217 0.000  0.002  0.043  0.488  0.778  0.605  0.396  0.462  0.443  0.346  0.315  0.300  0.378  0.234  0.205  0.147  0.023  0.000 0.000
 218 0.000  0.000  0.104  0.117  0.681  0.344  0.091  0.107  0.081  0.069  0.098  0.186  0.098  0.115  0.051  0.019  0.003  0.000 0.000
 219 0.000  0.000  0.021  0.224  0.081  0.109  0.030  0.138  0.110  0.262  0.304  0.412  0.402  0.560  0.166  0.020  0.021  0.024 0.000
 220 0.000  0.073  0.150  0.171  0.191  1.134  1.372  1.141  1.991  2.197  1.777  1.788  1.363  1.359  0.445  0.289  0.098  0.000 0.000
 221 0.000  0.042  0.316  0.822  1.119  1.132  1.100  0.823  0.942  1.063  0.891  0.652  0.326  0.212  0.160  0.095  0.015  0.000 0.000
 222 0.006  0.039  0.139  0.342  0.605  1.260  1.529  1.213  1.476  1.007  1.445  1.553  0.766  0.560  0.269  0.456  0.073  0.012 0.009
 223 0.021  0.564  1.910  2.729  2.858  1.089  2.095  2.667  2.041  1.884  1.415  1.161  0.840  0.567  0.423  0.280  0.165  0.114 0.002
 224 0.000  0.097  0.216  0.525  0.971  1.671  2.207  3.109  3.207  2.746  2.922  2.919  1.727  0.828  0.569  0.232  0.120  0.004 0.000
 225 0.000  0.002  0.043  0.488  0.778  0.605  0.396  0.462  0.443  0.346  0.315  0.300  0.378  0.234  0.205  0.147  0.023  0.000 0.000
 226 0.000  0.000  0.104  0.117  0.681  0.344  0.091  0.107  0.081  0.069  0.098  0.186  0.098  0.115  0.051  0.019  0.003  0.000 0.000
 227 0.000  0.000  0.021  0.224  0.081  0.109  0.030  0.138  0.110  0.262  0.304  0.412  0.402  0.560  0.166  0.020  0.021  0.024 0.000
 228 0.000  0.073  0.150  0.171  0.191  1.134  1.372  1.141  1.991  2.197  1.777  1.788  1.363  1.359  0.445  0.289  0.098  0.000 0.000
 229 0.000  0.042  0.316  0.822  1.119  1.132  1.100  0.823  0.942  1.063  0.891  0.652  0.326  0.212  0.160  0.095  0.015  0.000 0.000
 230 0.006  0.039  0.139  0.342  0.605  1.260  1.529  1.213  1.476  1.007  1.445  1.553  0.766  0.560  0.269  0.456  0.073  0.012 0.009
 231 0.021  0.564  1.910  2.729  2.858  1.089  2.095  2.667  2.041  1.884  1.415  1.161  0.840  0.567  0.423  0.280  0.165  0.114 0.002
 232 0.000  0.097  0.216  0.525  0.971  1.671  2.207  3.109  3.207  2.746  2.922  2.919  1.727  0.828  0.569  0.232  0.120  0.004 0.000
 233 0.000  0.002  0.043  0.488  0.778  0.605  0.396  0.462  0.443  0.346  0.315  0.300  0.378  0.234  0.205  0.147  0.023  0.000 0.000
 234 0.000  0.000  0.104  0.117  0.681  0.344  0.091  0.107  0.081  0.069  0.098  0.186  0.098  0.115  0.051  0.019  0.003  0.000 0.000
 235 0.000  0.000  0.021  0.224  0.081  0.109  0.030  0.138  0.110  0.262  0.304  0.412  0.402  0.560  0.166  0.020  0.021  0.024 0.000
 236 0.000  0.073  0.150  0.171  0.191  1.134  1.372  1.141  1.991  2.197  1.777  1.788  1.363  1.359  0.445  0.289  0.098  0.000 0.000
 237 0.000  0.042  0.316  0.822  1.119  1.132  1.100  0.823  0.942  1.063  0.891  0.652  0.326  0.212  0.160  0.095  0.015  0.000 0.000
 238 0.006  0.039  0.139  0.342  0.605  1.260  1.529  1.213  1.476  1.007  1.445  1.553  0.766  0.560  0.269  0.456  0.073  0.012 0.009
 239 0.021  0.564  1.910  2.729  2.858  1.089  2.095  2.667  2.041  1.884  1.415  1.161  0.840  0.567  0.423  0.280  0.165  0.114 0.002
 240 0.000  0.097  0.216  0.525  0.971  1.671  2.207  3.109  3.207  2.746  2.922  2.919  1.727  0.828  0.569  0.232  0.120  0.004 0.000
 241 0.000  0.002  0.043  0.488  0.778  0.605  0.396  0.462  0.443  0.346  0.315  0.300  0.378  0.234  0.205  0.147  0.023  0.000 0.000
 242 0.000  0.000  0.104  0.117  0.681  0.344  0.091  0.107  0.081  0.069  0.098  0.186  0.098  0.115  0.051  0.019  0.003  0.000 0.000
 243 0.000  0.000  0.021  0.224  0.081  0.109  0.030  0.138  0.110  0.262  0.304  0.412  0.402  0.560  0.166  0.020  0.021  0.024 0.000
 244 0.000  0.073  0.150  0.171  0.191  1.134  1.372  1.141  1.991  2.197  1.777  1.788  1.363  1.359  0.445  0.289  0.098  0.000 0.000
 245 0.000  0.042  0.316  0.822  1.119  1.132  1.100  0.823  0.942  1.063  0.891  0.652  0.326  0.212  0.160  0.095  0.015  0.000 0.000
 246 0.006  0.039  0.139  0.342  0.605  1.260  1.529  1.213  1.476  1.007  1.445  1.553  0.766  0.560  0.269  0.456  0.073  0.012 0.009
 247 0.021  0.564  1.910  2.729  2.858  1.089  2.095  2.667  2.041  1.884  1.415  1.161  0.840  0.567  0.423  0.280  0.165  0.114 0.002
 248 0.000  0.097  0.216  0.525  0.971  1.671  2.207  3.109  3.207  2.746  2.922  2.919  1.727  0.828  0.569  0.232  0.120  0.004 0.000
 249 0.000  0.002  0.043  0.488  0.778  0.605  0.396  0.462  0.443  0.346  0.315  0.300  0.378  0.234  0.205  0.147  0.023  0.000 0.000
 250 0.000  0.000  0.104  0.117  0.681  0.344  0.091  0.107  0.081  0.069  0.098  0.186  0.098  0.115  0.051  0.019  0.003  0.000 0.000
 251 0.000  0.000  0.021  0.224  0.081  0.109  0.030  0.138  0.110  0.262  0.304  0.412  0.402  0.560  0.166  0.020  0.021  0.024 0.000
 252 0.000  0.073  0.150  0.171  0.191  1.134  1.372  1.141  1.991  2.197  1.777  1.788  1.363  1.359  0.445  0.289  0.098  0.000 0.000
 253 0.000  0.042  0.316  0.822  1.119  1.132  1.100  0.823  0.942  1.063  0.891  0.652  0.326  0.212  0.160  0.095  0.015  0.000 0.000
 254 0.006  0.039  0.139  0.342  0.605  1.260  1.529  1.213  1.476  1.007  1.445  1.553  0.766  0.560  0.269  0.456  0.073  0.012 0.009
 255 0.021  0.564  1.910  2.729  2.858  1.089  2.095  2.667  2.041  1.884  1.415  1.161  0.840  0.567  0.423  0.280  0.165  0.114 0.002
 256 0.000  0.097  0.216  0.525  0.971  1.671  2.207  3.109  3.207  2.746  2.922  2.919  1.727  0.828  0.569  0.232  0.120  0.004 0.000
 257 0.000  0.002  0.043  0.488  0.778  0.605  0.396  0.462  0.443  0.346  0.315  0.300  0.378  0.234  0.205  0.147  0.023  0.000 0.000
 258 0.000  0.000  0.104  0.117  0.681  0.344  0.091  0.107  0.081  0.069  0.098  0.186  0.098  0.115  0.051  0.019  0.003  0.000 0.000
 259 0.000  0.000  0.021  0.224  0.081  0.109  0.030  0.138  0.110  0.262  0.304  0.412  0.402  0.560  0.166  0.020  0.021  0.024 0.000
 260 0.000  0.073  0.150  0.171  0.191  1.134  1.372  1.141  1.991  2.197  1.777  1.788  1.363  1.359  0.445  0.289  0.098  0.000 0.000
 261 0.000  0.042  0.316  0.822  1.119  1.132  1.100  0.823  0.942  1.063  0.891  0.652  0.326  0.212  0.160  0.095  0.015  0.000 0.000
 262 0.006  0.039  0.139  0.342  0.605  1.260  1.529  1.213  1.476  1.007  1.445  1.553  0.766  0.560  0.269  0.456  0.073  0.012 0.009
 263 0.021  0.564  1.910  2.729  2.858  1.089  2.095  2.667  2.041  1.884  1.415  1.161  0.840  0.567  0.423  0.280  0.165  0.114 0.002
 264 0.000  0.097  0.216  0.525  0.971  1.671  2.207  3.109  3.207  2.746  2.922  2.919  1.727  0.828  0.569  0.232  0.120  0.004 0.000
 265 0.000  0.002  0.043  0.488  0.778  0.605  0.396  0.462  0.443  0.346  0.315  0.300  0.378  0.234  0.205  0.147  0.023  0.000 0.000
 266 0.000  0.000  0.104  0.117  0.681  0.344  0.091  0.107  0.081  0.069  0.098  0.186  0.098  0.115  0.051  0.019  0.003  0.000 0.000
 267 0.000  0.000  0.021  0.224  0.081  0.109  0.030  0.138  0.110  0.262  0.304  0.412  0.402  0.560  0.166  0.020  0.021  0.024 0.000
 268 0.000  0.073  0.150  0.171  0.191  1.134  1.372  1.141  1.991  2.197  1.777  1.788  1.363  1.359  0.445  0.289  0.098  0.000 0.000
 269 0.000  0.042  0.316  0.822  1.119  1.132  1.100  0.823  0.942  1.063  0.891  0.652  0.326  0.212  0.160  0.095  0.015  0.000 0.000
 270 0.006  0.039  0.139  0.342  0.605  1.260  1.529  1.213  1.476  1.007  1.445  1.553  0.766  0.560  0.269  0.456  0.073  0.012 0.009
 271 0.021  0.564  1.910  2.729  2.858  1.089  2.095  2.667  2.041  1.884  1.415  1.161  0.840  0.567  0.423  0.280  0.165  0.114 0.002
 272 0.000  0.097  0.216  0.525  0.971  1.671  2.207  3.109  3.207  2.746  2.922  2.919  1.727  0.828  0.569  0.232  0.120  0.004 0.000
 273 0.000  0.002  0.043  0.488  0.778  0.605  0.396  0.462  0.443  0.346  0.315  0.300  0.378  0.234  0.205  0.147  0.023  0.000 0.000
 274 0.000  0.000  0.104  0.117  0.681  0.344  0.091  0.107  0.081  0.069  0.098  0.186  0.098  0.115  0.051  0.019  0.003  0.000 0.000
 275 0.000  0.000  0.021  0.224  0.081  0.109  0.030  0.138  0.110  0.262  0.304  0.412  0.402  0.560  0.166  0.020  0.021  0.024 0.000
 276 0.000  0.073  0.150  0.171  0.191  1.134  1.372  1.141  1.991  2.197  1.777  1.788  1.363  1.359  0.445  0.289  0.098  0.000 0.000
 277 0.000  0.042  0.316  0.822  1.119  1.132  1.100  0.823  0.942  1.063  0.891  0.652  0.326  0.212  0.160  0.095  0.015  0.000 0.000
 278 0.006  0.039  0.139  0.342  0.605  1.260  1.529  1.213  1.476  1.007  1.445  1.553  0.766  0.560  0.269  0.456  0.073  0.012 0.009
 279 0.021  0.564  1.910  2.729  2.858  1.089  2.095  2.667  2.041  1.884  1.415  1.161  0.840  0.567  0.423  0.280  0.165  0.114 0.002
 280 0.000  0.097  0.216  0.525  0.971  1.671  2.207  3.109  3.207  2.746  2.922  2.919  1.727  0.828  0.569  0.232  0.120  0.004 0.000
 281 0.000  0.002  0.043  0.488  0.778  0.605  0.396  0.462  0.443  0.346  0.315  0.300  0.378  0.234  0.205  0.147  0.023  0.000 0.000
 282 0.000  0.000  0.104  0.117  0.681  0.344  0.091  0.107  0.081  0.069  0.098  0.186  0.098  0.115  0.051  0.019  0.003  0.000 0.000
 283 0.000  0.000  0.021  0.224  0.081  0.109  0.030  0.138  0.110  0.262  0.304  0.412  0.402  0.560  0.166  0.020  0.021  0.024 0.000
 284 0.000  0.073  0.150  0.171  0.191  1.134  1.372  1.141  1.991  2.197  1.777  1.788  1.363  1.359  0.445  0.289  0.098  0.000 0.000
 285 0.000  0.042  0.316  0.822  1.119  1.132  1.100  0.823  0.942  1.063  0.891  0.652  0.326  0.212  0.160  0.095  0.015  0.000 0.000
 286 0.006  0.039  0.139  0.342  0.605  1.260  1.529  1.213  1.476  1.007  1.445  1.553  0.766  0.560  0.269  0.456  0.073  0.012 0.009
 287 0.021  0.564  1.910  2.729  2.858  1.089  2.095  2.667  2.041  1.884  1.415  1.161  0.840  0.567  0.423  0.280  0.165  0.114 0.002
 288 0.000  0.097  0.216  0.525  0.971  1.671  2.207  3.109  3.207  2.746  2.922  2.919  1.727  0.828  0.569  0.232  0.120  0.004 0.000
 289 0.000  0.002  0.043  0.488  0.778  0.605  0.396  0.462  0.443  0.346  0.315  0.300  0.378  0.234  0.205  0.147  0.023  0.000 0.000
 290 0.000  0.000  0.104  0.117  0.681  0.344  0.091  0.107  0.081  0.069  0.098  0.186  0.098  0.115  0.051  0.019  0.003  0.000 0.000
 291 0.000  0.000  0.021  0.224  0.081  0.109  0.030  0.138  0.110  0.262  0.304  0.412  0.402  0.560  0.166  0.020  0.021  0.024 0.000
 292 0.000  0.073  0.150  0.171  0.191  1.134  1.372  1.141  1.991  2.197  1.777  1.788  1.363  1.359  0.445  0.289  0.098  0.000 0.000
 293 0.000  0.042  0.316  0.822  1.119  1.132  1.100  0.823  0.942  1.063  0.891  0.652  0.326  0.212  0.160  0.095  0.015  0.000 0.000
 294 0.006  0.039  0.139  0.342  0.605  1.260  1.529  1.213  1.476  1.007  1.445  1.553  0.766  0.560  0.269  0.456  0.073  0.012 0.009
 295 0.021  0.564  1.910  2.729  2.858  1.089  2.095  2.667  2.041  1.884  1.415  1.161  0.840  0.567  0.423  0.280  0.165  0.114 0.002
 296 0.000  0.097  0.216  0.525  0.971  1.671  2.207  3.109  3.207  2.746  2.922  2.919  1.727  0.828  0.569  0.232  0.120  0.004 0.000
 297 0.000  0.002  0.043  0.488  0.778  0.605  0.396  0.462  0.443  0.346  0.315  0.300  0.378  0.234  0.205  0.147  0.023  0.000 0.000
 298 0.000  0.000  0.104  0.117  0.681  0.344  0.091  0.107  0.081  0.069  0.098  0.186  0.098  0.115  0.051  0.019  0.003  0.000 0.000
 299 0.000  0.000  0.021  0.224  0.081  0.109  0.030  0.138  0.110  0.262  0.304  0.412  0.402  0.560  0.166  0.020  0.021  0.024 0.000
 300 0.000  0.073  0.150  0.171  0.191  1.134  1.372  1.141  1.991  2.197  1.777  1.788  1.363  1.359  0.445  0.289  0.098  0.000 0.000
 301 0.000  0.042  0.316  0.822  1.119  1.132  1.100  0.823  0.942  1.063  0.891  0.652  0.326  0.212  0.160  0.095  0.015  0.000 0.000
 302 0.006  0.039  0.139  0.342  0.605  1.260  1.529  1.213  1.476  1.007  1.445  1.553  0.766  0.560  0.269  0.456  0.073  0.012 0.009
 303 0.021  0.564  1.910  2.729  2.858  1.089  2.095  2.667  2.041  1.884  1.415  1.161  0.840  0.567  0.423  0.280  0.165  0.114 0.002
 304 0.000  0.097  0.216  0.525  0.971  1.671  2.207  3.109  3.207  2.746  2.922  2.919  1.727  0.828  0.569  0.232  0.120  0.004 0.000;

param D : 1  2  3  4  5  6  7  8  9  10  11  12  13  14  15  16  17  18  19:=
 1 0.146  0.135  0.205  0.260  0.273  0.236  0.175  0.302  0.320  0.862  0.519  0.259  0.176  0.629  0.917  0.366  0.276  0.150 0.136
 2 0.039  0.096  0.105  0.162  0.792  1.779  0.324  0.465  0.276  2.484  1.275  2.559  0.855  0.225  0.237  0.426  0.165  0.240 0.201
 3 0.783  0.469  0.316  0.469  0.566  0.604  0.571  0.525  0.557  0.534  0.479  0.643  0.541  0.749  0.565  0.933  0.483  0.488 0.592
 4 0.192  0.156  0.250  0.541  0.294  0.295  0.995  0.849  0.590  0.814  0.323  0.549  0.347  0.646  0.479  0.509  0.283  0.389 0.378
 5 0.461  0.557  0.617  0.886  1.199  1.144  1.106  0.817  0.970  0.976  0.403  0.497  0.452  0.927  1.338  0.622  0.526  0.545 0.423
 6 0.279  0.344  0.284  0.274  0.417  0.330  0.394  0.307  0.373  0.267  0.429  0.317  0.307  0.695  0.361  0.352  0.581  0.590 0.439
 7 0.169  0.244  0.218  0.215  0.691  0.721  0.463  0.182  0.155  0.137  0.199  0.175  0.235  0.806  1.609  1.092  0.390  0.423 0.179
 8 0.001  0.068  0.184  0.494  0.946  1.644  2.112  2.600  2.541  2.009  1.262  1.263  1.321  0.740  0.551  0.221  0.090  0.002 0.001
 9 0.146  0.135  0.205  0.260  0.273  0.236  0.175  0.302  0.320  0.862  0.519  0.259  0.176  0.629  0.917  0.366  0.276  0.150 0.136
 10 0.039  0.096  0.105  0.162  0.792  1.779  0.324  0.465  0.276  2.484  1.275  2.559  0.855  0.225  0.237  0.426  0.165  0.240 0.201
 11 0.783  0.469  0.316  0.469  0.566  0.604  0.571  0.525  0.557  0.534  0.479  0.643  0.541  0.749  0.565  0.933  0.483  0.488 0.592
 12 0.192  0.156  0.250  0.541  0.294  0.295  0.995  0.849  0.590  0.814  0.323  0.549  0.347  0.646  0.479  0.509  0.283  0.389 0.378
 13 0.461  0.557  0.617  0.886  1.199  1.144  1.106  0.817  0.970  0.976  0.403  0.497  0.452  0.927  1.338  0.622  0.526  0.545 0.423
 14 0.279  0.344  0.284  0.274  0.417  0.330  0.394  0.307  0.373  0.267  0.429  0.317  0.307  0.695  0.361  0.352  0.581  0.590 0.439
 15 0.169  0.244  0.218  0.215  0.691  0.721  0.463  0.182  0.155  0.137  0.199  0.175  0.235  0.806  1.609  1.092  0.390  0.423 0.179
 16 0.001  0.068  0.184  0.494  0.946  1.644  2.112  2.600  2.541  2.009  1.262  1.263  1.321  0.740  0.551  0.221  0.090  0.002 0.001
 17 0.146  0.135  0.205  0.260  0.273  0.236  0.175  0.302  0.320  0.862  0.519  0.259  0.176  0.629  0.917  0.366  0.276  0.150 0.136
 18 0.039  0.096  0.105  0.162  0.792  1.779  0.324  0.465  0.276  2.484  1.275  2.559  0.855  0.225  0.237  0.426  0.165  0.240 0.201
 19 0.783  0.469  0.316  0.469  0.566  0.604  0.571  0.525  0.557  0.534  0.479  0.643  0.541  0.749  0.565  0.933  0.483  0.488 0.592
 20 0.192  0.156  0.250  0.541  0.294  0.295  0.995  0.849  0.590  0.814  0.323  0.549  0.347  0.646  0.479  0.509  0.283  0.389 0.378
 21 0.461  0.557  0.617  0.886  1.199  1.144  1.106  0.817  0.970  0.976  0.403  0.497  0.452  0.927  1.338  0.622  0.526  0.545 0.423
 22 0.279  0.344  0.284  0.274  0.417  0.330  0.394  0.307  0.373  0.267  0.429  0.317  0.307  0.695  0.361  0.352  0.581  0.590 0.439
 23 0.169  0.244  0.218  0.215  0.691  0.721  0.463  0.182  0.155  0.137  0.199  0.175  0.235  0.806  1.609  1.092  0.390  0.423 0.179
 24 0.001  0.068  0.184  0.494  0.946  1.644  2.112  2.600  2.541  2.009  1.262  1.263  1.321  0.740  0.551  0.221  0.090  0.002 0.001
 25 0.146  0.135  0.205  0.260  0.273  0.236  0.175  0.302  0.320  0.862  0.519  0.259  0.176  0.629  0.917  0.366  0.276  0.150 0.136
 26 0.039  0.096  0.105  0.162  0.792  1.779  0.324  0.465  0.276  2.484  1.275  2.559  0.855  0.225  0.237  0.426  0.165  0.240 0.201
 27 0.783  0.469  0.316  0.469  0.566  0.604  0.571  0.525  0.557  0.534  0.479  0.643  0.541  0.749  0.565  0.933  0.483  0.488 0.592
 28 0.192  0.156  0.250  0.541  0.294  0.295  0.995  0.849  0.590  0.814  0.323  0.549  0.347  0.646  0.479  0.509  0.283  0.389 0.378
 29 0.461  0.557  0.617  0.886  1.199  1.144  1.106  0.817  0.970  0.976  0.403  0.497  0.452  0.927  1.338  0.622  0.526  0.545 0.423
 30 0.279  0.344  0.284  0.274  0.417  0.330  0.394  0.307  0.373  0.267  0.429  0.317  0.307  0.695  0.361  0.352  0.581  0.590 0.439
 31 0.169  0.244  0.218  0.215  0.691  0.721  0.463  0.182  0.155  0.137  0.199  0.175  0.235  0.806  1.609  1.092  0.390  0.423 0.179
 32 0.001  0.068  0.184  0.494  0.946  1.644  2.112  2.600  2.541  2.009  1.262  1.263  1.321  0.740  0.551  0.221  0.090  0.002 0.001
 33 0.146  0.135  0.205  0.260  0.273  0.236  0.175  0.302  0.320  0.862  0.519  0.259  0.176  0.629  0.917  0.366  0.276  0.150 0.136
 34 0.039  0.096  0.105  0.162  0.792  1.779  0.324  0.465  0.276  2.484  1.275  2.559  0.855  0.225  0.237  0.426  0.165  0.240 0.201
 35 0.783  0.469  0.316  0.469  0.566  0.604  0.571  0.525  0.557  0.534  0.479  0.643  0.541  0.749  0.565  0.933  0.483  0.488 0.592
 36 0.192  0.156  0.250  0.541  0.294  0.295  0.995  0.849  0.590  0.814  0.323  0.549  0.347  0.646  0.479  0.509  0.283  0.389 0.378
 37 0.461  0.557  0.617  0.886  1.199  1.144  1.106  0.817  0.970  0.976  0.403  0.497  0.452  0.927  1.338  0.622  0.526  0.545 0.423
 38 0.279  0.344  0.284  0.274  0.417  0.330  0.394  0.307  0.373  0.267  0.429  0.317  0.307  0.695  0.361  0.352  0.581  0.590 0.439
 39 0.169  0.244  0.218  0.215  0.691  0.721  0.463  0.182  0.155  0.137  0.199  0.175  0.235  0.806  1.609  1.092  0.390  0.423 0.179
 40 0.001  0.068  0.184  0.494  0.946  1.644  2.112  2.600  2.541  2.009  1.262  1.263  1.321  0.740  0.551  0.221  0.090  0.002 0.001
 41 0.146  0.135  0.205  0.260  0.273  0.236  0.175  0.302  0.320  0.862  0.519  0.259  0.176  0.629  0.917  0.366  0.276  0.150 0.136
 42 0.039  0.096  0.105  0.162  0.792  1.779  0.324  0.465  0.276  2.484  1.275  2.559  0.855  0.225  0.237  0.426  0.165  0.240 0.201
 43 0.783  0.469  0.316  0.469  0.566  0.604  0.571  0.525  0.557  0.534  0.479  0.643  0.541  0.749  0.565  0.933  0.483  0.488 0.592
 44 0.192  0.156  0.250  0.541  0.294  0.295  0.995  0.849  0.590  0.814  0.323  0.549  0.347  0.646  0.479  0.509  0.283  0.389 0.378
 45 0.461  0.557  0.617  0.886  1.199  1.144  1.106  0.817  0.970  0.976  0.403  0.497  0.452  0.927  1.338  0.622  0.526  0.545 0.423
 46 0.279  0.344  0.284  0.274  0.417  0.330  0.394  0.307  0.373  0.267  0.429  0.317  0.307  0.695  0.361  0.352  0.581  0.590 0.439
 47 0.169  0.244  0.218  0.215  0.691  0.721  0.463  0.182  0.155  0.137  0.199  0.175  0.235  0.806  1.609  1.092  0.390  0.423 0.179
 48 0.001  0.068  0.184  0.494  0.946  1.644  2.112  2.600  2.541  2.009  1.262  1.263  1.321  0.740  0.551  0.221  0.090  0.002 0.001
 49 0.146  0.135  0.205  0.260  0.273  0.236  0.175  0.302  0.320  0.862  0.519  0.259  0.176  0.629  0.917  0.366  0.276  0.150 0.136
 50 0.039  0.096  0.105  0.162  0.792  1.779  0.324  0.465  0.276  2.484  1.275  2.559  0.855  0.225  0.237  0.426  0.165  0.240 0.201
 51 0.783  0.469  0.316  0.469  0.566  0.604  0.571  0.525  0.557  0.534  0.479  0.643  0.541  0.749  0.565  0.933  0.483  0.488 0.592
 52 0.192  0.156  0.250  0.541  0.294  0.295  0.995  0.849  0.590  0.814  0.323  0.549  0.347  0.646  0.479  0.509  0.283  0.389 0.378
 53 0.461  0.557  0.617  0.886  1.199  1.144  1.106  0.817  0.970  0.976  0.403  0.497  0.452  0.927  1.338  0.622  0.526  0.545 0.423
 54 0.279  0.344  0.284  0.274  0.417  0.330  0.394  0.307  0.373  0.267  0.429  0.317  0.307  0.695  0.361  0.352  0.581  0.590 0.439
 55 0.169  0.244  0.218  0.215  0.691  0.721  0.463  0.182  0.155  0.137  0.199  0.175  0.235  0.806  1.609  1.092  0.390  0.423 0.179
 56 0.001  0.068  0.184  0.494  0.946  1.644  2.112  2.600  2.541  2.009  1.262  1.263  1.321  0.740  0.551  0.221  0.090  0.002 0.001
 57 0.146  0.135  0.205  0.260  0.273  0.236  0.175  0.302  0.320  0.862  0.519  0.259  0.176  0.629  0.917  0.366  0.276  0.150 0.136
 58 0.039  0.096  0.105  0.162  0.792  1.779  0.324  0.465  0.276  2.484  1.275  2.559  0.855  0.225  0.237  0.426  0.165  0.240 0.201
 59 0.783  0.469  0.316  0.469  0.566  0.604  0.571  0.525  0.557  0.534  0.479  0.643  0.541  0.749  0.565  0.933  0.483  0.488 0.592
 60 0.192  0.156  0.250  0.541  0.294  0.295  0.995  0.849  0.590  0.814  0.323  0.549  0.347  0.646  0.479  0.509  0.283  0.389 0.378
 61 0.461  0.557  0.617  0.886  1.199  1.144  1.106  0.817  0.970  0.976  0.403  0.497  0.452  0.927  1.338  0.622  0.526  0.545 0.423
 62 0.279  0.344  0.284  0.274  0.417  0.330  0.394  0.307  0.373  0.267  0.429  0.317  0.307  0.695  0.361  0.352  0.581  0.590 0.439
 63 0.169  0.244  0.218  0.215  0.691  0.721  0.463  0.182  0.155  0.137  0.199  0.175  0.235  0.806  1.609  1.092  0.390  0.423 0.179
 64 0.001  0.068  0.184  0.494  0.946  1.644  2.112  2.600  2.541  2.009  1.262  1.263  1.321  0.740  0.551  0.221  0.090  0.002 0.001
 65 0.146  0.135  0.205  0.260  0.273  0.236  0.175  0.302  0.320  0.862  0.519  0.259  0.176  0.629  0.917  0.366  0.276  0.150 0.136
 66 0.039  0.096  0.105  0.162  0.792  1.779  0.324  0.465  0.276  2.484  1.275  2.559  0.855  0.225  0.237  0.426  0.165  0.240 0.201
 67 0.783  0.469  0.316  0.469  0.566  0.604  0.571  0.525  0.557  0.534  0.479  0.643  0.541  0.749  0.565  0.933  0.483  0.488 0.592
 68 0.192  0.156  0.250  0.541  0.294  0.295  0.995  0.849  0.590  0.814  0.323  0.549  0.347  0.646  0.479  0.509  0.283  0.389 0.378
 69 0.461  0.557  0.617  0.886  1.199  1.144  1.106  0.817  0.970  0.976  0.403  0.497  0.452  0.927  1.338  0.622  0.526  0.545 0.423
 70 0.279  0.344  0.284  0.274  0.417  0.330  0.394  0.307  0.373  0.267  0.429  0.317  0.307  0.695  0.361  0.352  0.581  0.590 0.439
 71 0.169  0.244  0.218  0.215  0.691  0.721  0.463  0.182  0.155  0.137  0.199  0.175  0.235  0.806  1.609  1.092  0.390  0.423 0.179
 72 0.001  0.068  0.184  0.494  0.946  1.644  2.112  2.600  2.541  2.009  1.262  1.263  1.321  0.740  0.551  0.221  0.090  0.002 0.001
 73 0.146  0.135  0.205  0.260  0.273  0.236  0.175  0.302  0.320  0.862  0.519  0.259  0.176  0.629  0.917  0.366  0.276  0.150 0.136
 74 0.039  0.096  0.105  0.162  0.792  1.779  0.324  0.465  0.276  2.484  1.275  2.559  0.855  0.225  0.237  0.426  0.165  0.240 0.201
 75 0.783  0.469  0.316  0.469  0.566  0.604  0.571  0.525  0.557  0.534  0.479  0.643  0.541  0.749  0.565  0.933  0.483  0.488 0.592
 76 0.192  0.156  0.250  0.541  0.294  0.295  0.995  0.849  0.590  0.814  0.323  0.549  0.347  0.646  0.479  0.509  0.283  0.389 0.378
 77 0.461  0.557  0.617  0.886  1.199  1.144  1.106  0.817  0.970  0.976  0.403  0.497  0.452  0.927  1.338  0.622  0.526  0.545 0.423
 78 0.279  0.344  0.284  0.274  0.417  0.330  0.394  0.307  0.373  0.267  0.429  0.317  0.307  0.695  0.361  0.352  0.581  0.590 0.439
 79 0.169  0.244  0.218  0.215  0.691  0.721  0.463  0.182  0.155  0.137  0.199  0.175  0.235  0.806  1.609  1.092  0.390  0.423 0.179
 80 0.001  0.068  0.184  0.494  0.946  1.644  2.112  2.600  2.541  2.009  1.262  1.263  1.321  0.740  0.551  0.221  0.090  0.002 0.001
 81 0.146  0.135  0.205  0.260  0.273  0.236  0.175  0.302  0.320  0.862  0.519  0.259  0.176  0.629  0.917  0.366  0.276  0.150 0.136
 82 0.039  0.096  0.105  0.162  0.792  1.779  0.324  0.465  0.276  2.484  1.275  2.559  0.855  0.225  0.237  0.426  0.165  0.240 0.201
 83 0.783  0.469  0.316  0.469  0.566  0.604  0.571  0.525  0.557  0.534  0.479  0.643  0.541  0.749  0.565  0.933  0.483  0.488 0.592
 84 0.192  0.156  0.250  0.541  0.294  0.295  0.995  0.849  0.590  0.814  0.323  0.549  0.347  0.646  0.479  0.509  0.283  0.389 0.378
 85 0.461  0.557  0.617  0.886  1.199  1.144  1.106  0.817  0.970  0.976  0.403  0.497  0.452  0.927  1.338  0.622  0.526  0.545 0.423
 86 0.279  0.344  0.284  0.274  0.417  0.330  0.394  0.307  0.373  0.267  0.429  0.317  0.307  0.695  0.361  0.352  0.581  0.590 0.439
 87 0.169  0.244  0.218  0.215  0.691  0.721  0.463  0.182  0.155  0.137  0.199  0.175  0.235  0.806  1.609  1.092  0.390  0.423 0.179
 88 0.001  0.068  0.184  0.494  0.946  1.644  2.112  2.600  2.541  2.009  1.262  1.263  1.321  0.740  0.551  0.221  0.090  0.002 0.001
 89 0.146  0.135  0.205  0.260  0.273  0.236  0.175  0.302  0.320  0.862  0.519  0.259  0.176  0.629  0.917  0.366  0.276  0.150 0.136
 90 0.039  0.096  0.105  0.162  0.792  1.779  0.324  0.465  0.276  2.484  1.275  2.559  0.855  0.225  0.237  0.426  0.165  0.240 0.201
 91 0.783  0.469  0.316  0.469  0.566  0.604  0.571  0.525  0.557  0.534  0.479  0.643  0.541  0.749  0.565  0.933  0.483  0.488 0.592
 92 0.192  0.156  0.250  0.541  0.294  0.295  0.995  0.849  0.590  0.814  0.323  0.549  0.347  0.646  0.479  0.509  0.283  0.389 0.378
 93 0.461  0.557  0.617  0.886  1.199  1.144  1.106  0.817  0.970  0.976  0.403  0.497  0.452  0.927  1.338  0.622  0.526  0.545 0.423
 94 0.279  0.344  0.284  0.274  0.417  0.330  0.394  0.307  0.373  0.267  0.429  0.317  0.307  0.695  0.361  0.352  0.581  0.590 0.439
 95 0.169  0.244  0.218  0.215  0.691  0.721  0.463  0.182  0.155  0.137  0.199  0.175  0.235  0.806  1.609  1.092  0.390  0.423 0.179
 96 0.001  0.068  0.184  0.494  0.946  1.644  2.112  2.600  2.541  2.009  1.262  1.263  1.321  0.740  0.551  0.221  0.090  0.002 0.001
 97 0.146  0.135  0.205  0.260  0.273  0.236  0.175  0.302  0.320  0.862  0.519  0.259  0.176  0.629  0.917  0.366  0.276  0.150 0.136
 98 0.039  0.096  0.105  0.162  0.792  1.779  0.324  0.465  0.276  2.484  1.275  2.559  0.855  0.225  0.237  0.426  0.165  0.240 0.201
 99 0.783  0.469  0.316  0.469  0.566  0.604  0.571  0.525  0.557  0.534  0.479  0.643  0.541  0.749  0.565  0.933  0.483  0.488 0.592
 100 0.192  0.156  0.250  0.541  0.294  0.295  0.995  0.849  0.590  0.814  0.323  0.549  0.347  0.646  0.479  0.509  0.283  0.389 0.378
 101 0.461  0.557  0.617  0.886  1.199  1.144  1.106  0.817  0.970  0.976  0.403  0.497  0.452  0.927  1.338  0.622  0.526  0.545 0.423
 102 0.279  0.344  0.284  0.274  0.417  0.330  0.394  0.307  0.373  0.267  0.429  0.317  0.307  0.695  0.361  0.352  0.581  0.590 0.439
 103 0.169  0.244  0.218  0.215  0.691  0.721  0.463  0.182  0.155  0.137  0.199  0.175  0.235  0.806  1.609  1.092  0.390  0.423 0.179
 104 0.001  0.068  0.184  0.494  0.946  1.644  2.112  2.600  2.541  2.009  1.262  1.263  1.321  0.740  0.551  0.221  0.090  0.002 0.001
 105 0.146  0.135  0.205  0.260  0.273  0.236  0.175  0.302  0.320  0.862  0.519  0.259  0.176  0.629  0.917  0.366  0.276  0.150 0.136
 106 0.039  0.096  0.105  0.162  0.792  1.779  0.324  0.465  0.276  2.484  1.275  2.559  0.855  0.225  0.237  0.426  0.165  0.240 0.201
 107 0.783  0.469  0.316  0.469  0.566  0.604  0.571  0.525  0.557  0.534  0.479  0.643  0.541  0.749  0.565  0.933  0.483  0.488 0.592
 108 0.192  0.156  0.250  0.541  0.294  0.295  0.995  0.849  0.590  0.814  0.323  0.549  0.347  0.646  0.479  0.509  0.283  0.389 0.378
 109 0.461  0.557  0.617  0.886  1.199  1.144  1.106  0.817  0.970  0.976  0.403  0.497  0.452  0.927  1.338  0.622  0.526  0.545 0.423
 110 0.279  0.344  0.284  0.274  0.417  0.330  0.394  0.307  0.373  0.267  0.429  0.317  0.307  0.695  0.361  0.352  0.581  0.590 0.439
 111 0.169  0.244  0.218  0.215  0.691  0.721  0.463  0.182  0.155  0.137  0.199  0.175  0.235  0.806  1.609  1.092  0.390  0.423 0.179
 112 0.001  0.068  0.184  0.494  0.946  1.644  2.112  2.600  2.541  2.009  1.262  1.263  1.321  0.740  0.551  0.221  0.090  0.002 0.001
 113 0.146  0.135  0.205  0.260  0.273  0.236  0.175  0.302  0.320  0.862  0.519  0.259  0.176  0.629  0.917  0.366  0.276  0.150 0.136
 114 0.039  0.096  0.105  0.162  0.792  1.779  0.324  0.465  0.276  2.484  1.275  2.559  0.855  0.225  0.237  0.426  0.165  0.240 0.201
 115 0.783  0.469  0.316  0.469  0.566  0.604  0.571  0.525  0.557  0.534  0.479  0.643  0.541  0.749  0.565  0.933  0.483  0.488 0.592
 116 0.192  0.156  0.250  0.541  0.294  0.295  0.995  0.849  0.590  0.814  0.323  0.549  0.347  0.646  0.479  0.509  0.283  0.389 0.378
 117 0.461  0.557  0.617  0.886  1.199  1.144  1.106  0.817  0.970  0.976  0.403  0.497  0.452  0.927  1.338  0.622  0.526  0.545 0.423
 118 0.279  0.344  0.284  0.274  0.417  0.330  0.394  0.307  0.373  0.267  0.429  0.317  0.307  0.695  0.361  0.352  0.581  0.590 0.439
 119 0.169  0.244  0.218  0.215  0.691  0.721  0.463  0.182  0.155  0.137  0.199  0.175  0.235  0.806  1.609  1.092  0.390  0.423 0.179
 120 0.001  0.068  0.184  0.494  0.946  1.644  2.112  2.600  2.541  2.009  1.262  1.263  1.321  0.740  0.551  0.221  0.090  0.002 0.001
 121 0.146  0.135  0.205  0.260  0.273  0.236  0.175  0.302  0.320  0.862  0.519  0.259  0.176  0.629  0.917  0.366  0.276  0.150 0.136
 122 0.039  0.096  0.105  0.162  0.792  1.779  0.324  0.465  0.276  2.484  1.275  2.559  0.855  0.225  0.237  0.426  0.165  0.240 0.201
 123 0.783  0.469  0.316  0.469  0.566  0.604  0.571  0.525  0.557  0.534  0.479  0.643  0.541  0.749  0.565  0.933  0.483  0.488 0.592
 124 0.192  0.156  0.250  0.541  0.294  0.295  0.995  0.849  0.590  0.814  0.323  0.549  0.347  0.646  0.479  0.509  0.283  0.389 0.378
 125 0.461  0.557  0.617  0.886  1.199  1.144  1.106  0.817  0.970  0.976  0.403  0.497  0.452  0.927  1.338  0.622  0.526  0.545 0.423
 126 0.279  0.344  0.284  0.274  0.417  0.330  0.394  0.307  0.373  0.267  0.429  0.317  0.307  0.695  0.361  0.352  0.581  0.590 0.439
 127 0.169  0.244  0.218  0.215  0.691  0.721  0.463  0.182  0.155  0.137  0.199  0.175  0.235  0.806  1.609  1.092  0.390  0.423 0.179
 128 0.001  0.068  0.184  0.494  0.946  1.644  2.112  2.600  2.541  2.009  1.262  1.263  1.321  0.740  0.551  0.221  0.090  0.002 0.001
 129 0.146  0.135  0.205  0.260  0.273  0.236  0.175  0.302  0.320  0.862  0.519  0.259  0.176  0.629  0.917  0.366  0.276  0.150 0.136
 130 0.039  0.096  0.105  0.162  0.792  1.779  0.324  0.465  0.276  2.484  1.275  2.559  0.855  0.225  0.237  0.426  0.165  0.240 0.201
 131 0.783  0.469  0.316  0.469  0.566  0.604  0.571  0.525  0.557  0.534  0.479  0.643  0.541  0.749  0.565  0.933  0.483  0.488 0.592
 132 0.192  0.156  0.250  0.541  0.294  0.295  0.995  0.849  0.590  0.814  0.323  0.549  0.347  0.646  0.479  0.509  0.283  0.389 0.378
 133 0.461  0.557  0.617  0.886  1.199  1.144  1.106  0.817  0.970  0.976  0.403  0.497  0.452  0.927  1.338  0.622  0.526  0.545 0.423
 134 0.279  0.344  0.284  0.274  0.417  0.330  0.394  0.307  0.373  0.267  0.429  0.317  0.307  0.695  0.361  0.352  0.581  0.590 0.439
 135 0.169  0.244  0.218  0.215  0.691  0.721  0.463  0.182  0.155  0.137  0.199  0.175  0.235  0.806  1.609  1.092  0.390  0.423 0.179
 136 0.001  0.068  0.184  0.494  0.946  1.644  2.112  2.600  2.541  2.009  1.262  1.263  1.321  0.740  0.551  0.221  0.090  0.002 0.001
 137 0.146  0.135  0.205  0.260  0.273  0.236  0.175  0.302  0.320  0.862  0.519  0.259  0.176  0.629  0.917  0.366  0.276  0.150 0.136
 138 0.039  0.096  0.105  0.162  0.792  1.779  0.324  0.465  0.276  2.484  1.275  2.559  0.855  0.225  0.237  0.426  0.165  0.240 0.201
 139 0.783  0.469  0.316  0.469  0.566  0.604  0.571  0.525  0.557  0.534  0.479  0.643  0.541  0.749  0.565  0.933  0.483  0.488 0.592
 140 0.192  0.156  0.250  0.541  0.294  0.295  0.995  0.849  0.590  0.814  0.323  0.549  0.347  0.646  0.479  0.509  0.283  0.389 0.378
 141 0.461  0.557  0.617  0.886  1.199  1.144  1.106  0.817  0.970  0.976  0.403  0.497  0.452  0.927  1.338  0.622  0.526  0.545 0.423
 142 0.279  0.344  0.284  0.274  0.417  0.330  0.394  0.307  0.373  0.267  0.429  0.317  0.307  0.695  0.361  0.352  0.581  0.590 0.439
 143 0.169  0.244  0.218  0.215  0.691  0.721  0.463  0.182  0.155  0.137  0.199  0.175  0.235  0.806  1.609  1.092  0.390  0.423 0.179
 144 0.001  0.068  0.184  0.494  0.946  1.644  2.112  2.600  2.541  2.009  1.262  1.263  1.321  0.740  0.551  0.221  0.090  0.002 0.001
 145 0.146  0.135  0.205  0.260  0.273  0.236  0.175  0.302  0.320  0.862  0.519  0.259  0.176  0.629  0.917  0.366  0.276  0.150 0.136
 146 0.039  0.096  0.105  0.162  0.792  1.779  0.324  0.465  0.276  2.484  1.275  2.559  0.855  0.225  0.237  0.426  0.165  0.240 0.201
 147 0.783  0.469  0.316  0.469  0.566  0.604  0.571  0.525  0.557  0.534  0.479  0.643  0.541  0.749  0.565  0.933  0.483  0.488 0.592
 148 0.192  0.156  0.250  0.541  0.294  0.295  0.995  0.849  0.590  0.814  0.323  0.549  0.347  0.646  0.479  0.509  0.283  0.389 0.378
 149 0.461  0.557  0.617  0.886  1.199  1.144  1.106  0.817  0.970  0.976  0.403  0.497  0.452  0.927  1.338  0.622  0.526  0.545 0.423
 150 0.279  0.344  0.284  0.274  0.417  0.330  0.394  0.307  0.373  0.267  0.429  0.317  0.307  0.695  0.361  0.352  0.581  0.590 0.439
 151 0.169  0.244  0.218  0.215  0.691  0.721  0.463  0.182  0.155  0.137  0.199  0.175  0.235  0.806  1.609  1.092  0.390  0.423 0.179
 152 0.001  0.068  0.184  0.494  0.946  1.644  2.112  2.600  2.541  2.009  1.262  1.263  1.321  0.740  0.551  0.221  0.090  0.002 0.001
 153 0.146  0.135  0.205  0.260  0.273  0.236  0.175  0.302  0.320  0.862  0.519  0.259  0.176  0.629  0.917  0.366  0.276  0.150 0.136
 154 0.039  0.096  0.105  0.162  0.792  1.779  0.324  0.465  0.276  2.484  1.275  2.559  0.855  0.225  0.237  0.426  0.165  0.240 0.201
 155 0.783  0.469  0.316  0.469  0.566  0.604  0.571  0.525  0.557  0.534  0.479  0.643  0.541  0.749  0.565  0.933  0.483  0.488 0.592
 156 0.192  0.156  0.250  0.541  0.294  0.295  0.995  0.849  0.590  0.814  0.323  0.549  0.347  0.646  0.479  0.509  0.283  0.389 0.378
 157 0.461  0.557  0.617  0.886  1.199  1.144  1.106  0.817  0.970  0.976  0.403  0.497  0.452  0.927  1.338  0.622  0.526  0.545 0.423
 158 0.279  0.344  0.284  0.274  0.417  0.330  0.394  0.307  0.373  0.267  0.429  0.317  0.307  0.695  0.361  0.352  0.581  0.590 0.439
 159 0.169  0.244  0.218  0.215  0.691  0.721  0.463  0.182  0.155  0.137  0.199  0.175  0.235  0.806  1.609  1.092  0.390  0.423 0.179
 160 0.001  0.068  0.184  0.494  0.946  1.644  2.112  2.600  2.541  2.009  1.262  1.263  1.321  0.740  0.551  0.221  0.090  0.002 0.001
 161 0.146  0.135  0.205  0.260  0.273  0.236  0.175  0.302  0.320  0.862  0.519  0.259  0.176  0.629  0.917  0.366  0.276  0.150 0.136
 162 0.039  0.096  0.105  0.162  0.792  1.779  0.324  0.465  0.276  2.484  1.275  2.559  0.855  0.225  0.237  0.426  0.165  0.240 0.201
 163 0.783  0.469  0.316  0.469  0.566  0.604  0.571  0.525  0.557  0.534  0.479  0.643  0.541  0.749  0.565  0.933  0.483  0.488 0.592
 164 0.192  0.156  0.250  0.541  0.294  0.295  0.995  0.849  0.590  0.814  0.323  0.549  0.347  0.646  0.479  0.509  0.283  0.389 0.378
 165 0.461  0.557  0.617  0.886  1.199  1.144  1.106  0.817  0.970  0.976  0.403  0.497  0.452  0.927  1.338  0.622  0.526  0.545 0.423
 166 0.279  0.344  0.284  0.274  0.417  0.330  0.394  0.307  0.373  0.267  0.429  0.317  0.307  0.695  0.361  0.352  0.581  0.590 0.439
 167 0.169  0.244  0.218  0.215  0.691  0.721  0.463  0.182  0.155  0.137  0.199  0.175  0.235  0.806  1.609  1.092  0.390  0.423 0.179
 168 0.001  0.068  0.184  0.494  0.946  1.644  2.112  2.600  2.541  2.009  1.262  1.263  1.321  0.740  0.551  0.221  0.090  0.002 0.001
 169 0.146  0.135  0.205  0.260  0.273  0.236  0.175  0.302  0.320  0.862  0.519  0.259  0.176  0.629  0.917  0.366  0.276  0.150 0.136
 170 0.039  0.096  0.105  0.162  0.792  1.779  0.324  0.465  0.276  2.484  1.275  2.559  0.855  0.225  0.237  0.426  0.165  0.240 0.201
 171 0.783  0.469  0.316  0.469  0.566  0.604  0.571  0.525  0.557  0.534  0.479  0.643  0.541  0.749  0.565  0.933  0.483  0.488 0.592
 172 0.192  0.156  0.250  0.541  0.294  0.295  0.995  0.849  0.590  0.814  0.323  0.549  0.347  0.646  0.479  0.509  0.283  0.389 0.378
 173 0.461  0.557  0.617  0.886  1.199  1.144  1.106  0.817  0.970  0.976  0.403  0.497  0.452  0.927  1.338  0.622  0.526  0.545 0.423
 174 0.279  0.344  0.284  0.274  0.417  0.330  0.394  0.307  0.373  0.267  0.429  0.317  0.307  0.695  0.361  0.352  0.581  0.590 0.439
 175 0.169  0.244  0.218  0.215  0.691  0.721  0.463  0.182  0.155  0.137  0.199  0.175  0.235  0.806  1.609  1.092  0.390  0.423 0.179
 176 0.001  0.068  0.184  0.494  0.946  1.644  2.112  2.600  2.541  2.009  1.262  1.263  1.321  0.740  0.551  0.221  0.090  0.002 0.001
 177 0.146  0.135  0.205  0.260  0.273  0.236  0.175  0.302  0.320  0.862  0.519  0.259  0.176  0.629  0.917  0.366  0.276  0.150 0.136
 178 0.039  0.096  0.105  0.162  0.792  1.779  0.324  0.465  0.276  2.484  1.275  2.559  0.855  0.225  0.237  0.426  0.165  0.240 0.201
 179 0.783  0.469  0.316  0.469  0.566  0.604  0.571  0.525  0.557  0.534  0.479  0.643  0.541  0.749  0.565  0.933  0.483  0.488 0.592
 180 0.192  0.156  0.250  0.541  0.294  0.295  0.995  0.849  0.590  0.814  0.323  0.549  0.347  0.646  0.479  0.509  0.283  0.389 0.378
 181 0.461  0.557  0.617  0.886  1.199  1.144  1.106  0.817  0.970  0.976  0.403  0.497  0.452  0.927  1.338  0.622  0.526  0.545 0.423
 182 0.279  0.344  0.284  0.274  0.417  0.330  0.394  0.307  0.373  0.267  0.429  0.317  0.307  0.695  0.361  0.352  0.581  0.590 0.439
 183 0.169  0.244  0.218  0.215  0.691  0.721  0.463  0.182  0.155  0.137  0.199  0.175  0.235  0.806  1.609  1.092  0.390  0.423 0.179
 184 0.001  0.068  0.184  0.494  0.946  1.644  2.112  2.600  2.541  2.009  1.262  1.263  1.321  0.740  0.551  0.221  0.090  0.002 0.001
 185 0.146  0.135  0.205  0.260  0.273  0.236  0.175  0.302  0.320  0.862  0.519  0.259  0.176  0.629  0.917  0.366  0.276  0.150 0.136
 186 0.039  0.096  0.105  0.162  0.792  1.779  0.324  0.465  0.276  2.484  1.275  2.559  0.855  0.225  0.237  0.426  0.165  0.240 0.201
 187 0.783  0.469  0.316  0.469  0.566  0.604  0.571  0.525  0.557  0.534  0.479  0.643  0.541  0.749  0.565  0.933  0.483  0.488 0.592
 188 0.192  0.156  0.250  0.541  0.294  0.295  0.995  0.849  0.590  0.814  0.323  0.549  0.347  0.646  0.479  0.509  0.283  0.389 0.378
 189 0.461  0.557  0.617  0.886  1.199  1.144  1.106  0.817  0.970  0.976  0.403  0.497  0.452  0.927  1.338  0.622  0.526  0.545 0.423
 190 0.279  0.344  0.284  0.274  0.417  0.330  0.394  0.307  0.373  0.267  0.429  0.317  0.307  0.695  0.361  0.352  0.581  0.590 0.439
 191 0.169  0.244  0.218  0.215  0.691  0.721  0.463  0.182  0.155  0.137  0.199  0.175  0.235  0.806  1.609  1.092  0.390  0.423 0.179
 192 0.001  0.068  0.184  0.494  0.946  1.644  2.112  2.600  2.541  2.009  1.262  1.263  1.321  0.740  0.551  0.221  0.090  0.002 0.001
 193 0.146  0.135  0.205  0.260  0.273  0.236  0.175  0.302  0.320  0.862  0.519  0.259  0.176  0.629  0.917  0.366  0.276  0.150 0.136
 194 0.039  0.096  0.105  0.162  0.792  1.779  0.324  0.465  0.276  2.484  1.275  2.559  0.855  0.225  0.237  0.426  0.165  0.240 0.201
 195 0.783  0.469  0.316  0.469  0.566  0.604  0.571  0.525  0.557  0.534  0.479  0.643  0.541  0.749  0.565  0.933  0.483  0.488 0.592
 196 0.192  0.156  0.250  0.541  0.294  0.295  0.995  0.849  0.590  0.814  0.323  0.549  0.347  0.646  0.479  0.509  0.283  0.389 0.378
 197 0.461  0.557  0.617  0.886  1.199  1.144  1.106  0.817  0.970  0.976  0.403  0.497  0.452  0.927  1.338  0.622  0.526  0.545 0.423
 198 0.279  0.344  0.284  0.274  0.417  0.330  0.394  0.307  0.373  0.267  0.429  0.317  0.307  0.695  0.361  0.352  0.581  0.590 0.439
 199 0.169  0.244  0.218  0.215  0.691  0.721  0.463  0.182  0.155  0.137  0.199  0.175  0.235  0.806  1.609  1.092  0.390  0.423 0.179
 200 0.001  0.068  0.184  0.494  0.946  1.644  2.112  2.600  2.541  2.009  1.262  1.263  1.321  0.740  0.551  0.221  0.090  0.002 0.001
 201 0.146  0.135  0.205  0.260  0.273  0.236  0.175  0.302  0.320  0.862  0.519  0.259  0.176  0.629  0.917  0.366  0.276  0.150 0.136
 202 0.039  0.096  0.105  0.162  0.792  1.779  0.324  0.465  0.276  2.484  1.275  2.559  0.855  0.225  0.237  0.426  0.165  0.240 0.201
 203 0.783  0.469  0.316  0.469  0.566  0.604  0.571  0.525  0.557  0.534  0.479  0.643  0.541  0.749  0.565  0.933  0.483  0.488 0.592
 204 0.192  0.156  0.250  0.541  0.294  0.295  0.995  0.849  0.590  0.814  0.323  0.549  0.347  0.646  0.479  0.509  0.283  0.389 0.378
 205 0.461  0.557  0.617  0.886  1.199  1.144  1.106  0.817  0.970  0.976  0.403  0.497  0.452  0.927  1.338  0.622  0.526  0.545 0.423
 206 0.279  0.344  0.284  0.274  0.417  0.330  0.394  0.307  0.373  0.267  0.429  0.317  0.307  0.695  0.361  0.352  0.581  0.590 0.439
 207 0.169  0.244  0.218  0.215  0.691  0.721  0.463  0.182  0.155  0.137  0.199  0.175  0.235  0.806  1.609  1.092  0.390  0.423 0.179
 208 0.001  0.068  0.184  0.494  0.946  1.644  2.112  2.600  2.541  2.009  1.262  1.263  1.321  0.740  0.551  0.221  0.090  0.002 0.001
 209 0.146  0.135  0.205  0.260  0.273  0.236  0.175  0.302  0.320  0.862  0.519  0.259  0.176  0.629  0.917  0.366  0.276  0.150 0.136
 210 0.039  0.096  0.105  0.162  0.792  1.779  0.324  0.465  0.276  2.484  1.275  2.559  0.855  0.225  0.237  0.426  0.165  0.240 0.201
 211 0.783  0.469  0.316  0.469  0.566  0.604  0.571  0.525  0.557  0.534  0.479  0.643  0.541  0.749  0.565  0.933  0.483  0.488 0.592
 212 0.192  0.156  0.250  0.541  0.294  0.295  0.995  0.849  0.590  0.814  0.323  0.549  0.347  0.646  0.479  0.509  0.283  0.389 0.378
 213 0.461  0.557  0.617  0.886  1.199  1.144  1.106  0.817  0.970  0.976  0.403  0.497  0.452  0.927  1.338  0.622  0.526  0.545 0.423
 214 0.279  0.344  0.284  0.274  0.417  0.330  0.394  0.307  0.373  0.267  0.429  0.317  0.307  0.695  0.361  0.352  0.581  0.590 0.439
 215 0.169  0.244  0.218  0.215  0.691  0.721  0.463  0.182  0.155  0.137  0.199  0.175  0.235  0.806  1.609  1.092  0.390  0.423 0.179
 216 0.001  0.068  0.184  0.494  0.946  1.644  2.112  2.600  2.541  2.009  1.262  1.263  1.321  0.740  0.551  0.221  0.090  0.002 0.001
 217 0.146  0.135  0.205  0.260  0.273  0.236  0.175  0.302  0.320  0.862  0.519  0.259  0.176  0.629  0.917  0.366  0.276  0.150 0.136
 218 0.039  0.096  0.105  0.162  0.792  1.779  0.324  0.465  0.276  2.484  1.275  2.559  0.855  0.225  0.237  0.426  0.165  0.240 0.201
 219 0.783  0.469  0.316  0.469  0.566  0.604  0.571  0.525  0.557  0.534  0.479  0.643  0.541  0.749  0.565  0.933  0.483  0.488 0.592
 220 0.192  0.156  0.250  0.541  0.294  0.295  0.995  0.849  0.590  0.814  0.323  0.549  0.347  0.646  0.479  0.509  0.283  0.389 0.378
 221 0.461  0.557  0.617  0.886  1.199  1.144  1.106  0.817  0.970  0.976  0.403  0.497  0.452  0.927  1.338  0.622  0.526  0.545 0.423
 222 0.279  0.344  0.284  0.274  0.417  0.330  0.394  0.307  0.373  0.267  0.429  0.317  0.307  0.695  0.361  0.352  0.581  0.590 0.439
 223 0.169  0.244  0.218  0.215  0.691  0.721  0.463  0.182  0.155  0.137  0.199  0.175  0.235  0.806  1.609  1.092  0.390  0.423 0.179
 224 0.001  0.068  0.184  0.494  0.946  1.644  2.112  2.600  2.541  2.009  1.262  1.263  1.321  0.740  0.551  0.221  0.090  0.002 0.001
 225 0.146  0.135  0.205  0.260  0.273  0.236  0.175  0.302  0.320  0.862  0.519  0.259  0.176  0.629  0.917  0.366  0.276  0.150 0.136
 226 0.039  0.096  0.105  0.162  0.792  1.779  0.324  0.465  0.276  2.484  1.275  2.559  0.855  0.225  0.237  0.426  0.165  0.240 0.201
 227 0.783  0.469  0.316  0.469  0.566  0.604  0.571  0.525  0.557  0.534  0.479  0.643  0.541  0.749  0.565  0.933  0.483  0.488 0.592
 228 0.192  0.156  0.250  0.541  0.294  0.295  0.995  0.849  0.590  0.814  0.323  0.549  0.347  0.646  0.479  0.509  0.283  0.389 0.378
 229 0.461  0.557  0.617  0.886  1.199  1.144  1.106  0.817  0.970  0.976  0.403  0.497  0.452  0.927  1.338  0.622  0.526  0.545 0.423
 230 0.279  0.344  0.284  0.274  0.417  0.330  0.394  0.307  0.373  0.267  0.429  0.317  0.307  0.695  0.361  0.352  0.581  0.590 0.439
 231 0.169  0.244  0.218  0.215  0.691  0.721  0.463  0.182  0.155  0.137  0.199  0.175  0.235  0.806  1.609  1.092  0.390  0.423 0.179
 232 0.001  0.068  0.184  0.494  0.946  1.644  2.112  2.600  2.541  2.009  1.262  1.263  1.321  0.740  0.551  0.221  0.090  0.002 0.001
 233 0.146  0.135  0.205  0.260  0.273  0.236  0.175  0.302  0.320  0.862  0.519  0.259  0.176  0.629  0.917  0.366  0.276  0.150 0.136
 234 0.039  0.096  0.105  0.162  0.792  1.779  0.324  0.465  0.276  2.484  1.275  2.559  0.855  0.225  0.237  0.426  0.165  0.240 0.201
 235 0.783  0.469  0.316  0.469  0.566  0.604  0.571  0.525  0.557  0.534  0.479  0.643  0.541  0.749  0.565  0.933  0.483  0.488 0.592
 236 0.192  0.156  0.250  0.541  0.294  0.295  0.995  0.849  0.590  0.814  0.323  0.549  0.347  0.646  0.479  0.509  0.283  0.389 0.378
 237 0.461  0.557  0.617  0.886  1.199  1.144  1.106  0.817  0.970  0.976  0.403  0.497  0.452  0.927  1.338  0.622  0.526  0.545 0.423
 238 0.279  0.344  0.284  0.274  0.417  0.330  0.394  0.307  0.373  0.267  0.429  0.317  0.307  0.695  0.361  0.352  0.581  0.590 0.439
 239 0.169  0.244  0.218  0.215  0.691  0.721  0.463  0.182  0.155  0.137  0.199  0.175  0.235  0.806  1.609  1.092  0.390  0.423 0.179
 240 0.001  0.068  0.184  0.494  0.946  1.644  2.112  2.600  2.541  2.009  1.262  1.263  1.321  0.740  0.551  0.221  0.090  0.002 0.001
 241 0.146  0.135  0.205  0.260  0.273  0.236  0.175  0.302  0.320  0.862  0.519  0.259  0.176  0.629  0.917  0.366  0.276  0.150 0.136
 242 0.039  0.096  0.105  0.162  0.792  1.779  0.324  0.465  0.276  2.484  1.275  2.559  0.855  0.225  0.237  0.426  0.165  0.240 0.201
 243 0.783  0.469  0.316  0.469  0.566  0.604  0.571  0.525  0.557  0.534  0.479  0.643  0.541  0.749  0.565  0.933  0.483  0.488 0.592
 244 0.192  0.156  0.250  0.541  0.294  0.295  0.995  0.849  0.590  0.814  0.323  0.549  0.347  0.646  0.479  0.509  0.283  0.389 0.378
 245 0.461  0.557  0.617  0.886  1.199  1.144  1.106  0.817  0.970  0.976  0.403  0.497  0.452  0.927  1.338  0.622  0.526  0.545 0.423
 246 0.279  0.344  0.284  0.274  0.417  0.330  0.394  0.307  0.373  0.267  0.429  0.317  0.307  0.695  0.361  0.352  0.581  0.590 0.439
 247 0.169  0.244  0.218  0.215  0.691  0.721  0.463  0.182  0.155  0.137  0.199  0.175  0.235  0.806  1.609  1.092  0.390  0.423 0.179
 248 0.001  0.068  0.184  0.494  0.946  1.644  2.112  2.600  2.541  2.009  1.262  1.263  1.321  0.740  0.551  0.221  0.090  0.002 0.001
 249 0.146  0.135  0.205  0.260  0.273  0.236  0.175  0.302  0.320  0.862  0.519  0.259  0.176  0.629  0.917  0.366  0.276  0.150 0.136
 250 0.039  0.096  0.105  0.162  0.792  1.779  0.324  0.465  0.276  2.484  1.275  2.559  0.855  0.225  0.237  0.426  0.165  0.240 0.201
 251 0.783  0.469  0.316  0.469  0.566  0.604  0.571  0.525  0.557  0.534  0.479  0.643  0.541  0.749  0.565  0.933  0.483  0.488 0.592
 252 0.192  0.156  0.250  0.541  0.294  0.295  0.995  0.849  0.590  0.814  0.323  0.549  0.347  0.646  0.479  0.509  0.283  0.389 0.378
 253 0.461  0.557  0.617  0.886  1.199  1.144  1.106  0.817  0.970  0.976  0.403  0.497  0.452  0.927  1.338  0.622  0.526  0.545 0.423
 254 0.279  0.344  0.284  0.274  0.417  0.330  0.394  0.307  0.373  0.267  0.429  0.317  0.307  0.695  0.361  0.352  0.581  0.590 0.439
 255 0.169  0.244  0.218  0.215  0.691  0.721  0.463  0.182  0.155  0.137  0.199  0.175  0.235  0.806  1.609  1.092  0.390  0.423 0.179
 256 0.001  0.068  0.184  0.494  0.946  1.644  2.112  2.600  2.541  2.009  1.262  1.263  1.321  0.740  0.551  0.221  0.090  0.002 0.001
 257 0.146  0.135  0.205  0.260  0.273  0.236  0.175  0.302  0.320  0.862  0.519  0.259  0.176  0.629  0.917  0.366  0.276  0.150 0.136
 258 0.039  0.096  0.105  0.162  0.792  1.779  0.324  0.465  0.276  2.484  1.275  2.559  0.855  0.225  0.237  0.426  0.165  0.240 0.201
 259 0.783  0.469  0.316  0.469  0.566  0.604  0.571  0.525  0.557  0.534  0.479  0.643  0.541  0.749  0.565  0.933  0.483  0.488 0.592
 260 0.192  0.156  0.250  0.541  0.294  0.295  0.995  0.849  0.590  0.814  0.323  0.549  0.347  0.646  0.479  0.509  0.283  0.389 0.378
 261 0.461  0.557  0.617  0.886  1.199  1.144  1.106  0.817  0.970  0.976  0.403  0.497  0.452  0.927  1.338  0.622  0.526  0.545 0.423
 262 0.279  0.344  0.284  0.274  0.417  0.330  0.394  0.307  0.373  0.267  0.429  0.317  0.307  0.695  0.361  0.352  0.581  0.590 0.439
 263 0.169  0.244  0.218  0.215  0.691  0.721  0.463  0.182  0.155  0.137  0.199  0.175  0.235  0.806  1.609  1.092  0.390  0.423 0.179
 264 0.001  0.068  0.184  0.494  0.946  1.644  2.112  2.600  2.541  2.009  1.262  1.263  1.321  0.740  0.551  0.221  0.090  0.002 0.001
 265 0.146  0.135  0.205  0.260  0.273  0.236  0.175  0.302  0.320  0.862  0.519  0.259  0.176  0.629  0.917  0.366  0.276  0.150 0.136
 266 0.039  0.096  0.105  0.162  0.792  1.779  0.324  0.465  0.276  2.484  1.275  2.559  0.855  0.225  0.237  0.426  0.165  0.240 0.201
 267 0.783  0.469  0.316  0.469  0.566  0.604  0.571  0.525  0.557  0.534  0.479  0.643  0.541  0.749  0.565  0.933  0.483  0.488 0.592
 268 0.192  0.156  0.250  0.541  0.294  0.295  0.995  0.849  0.590  0.814  0.323  0.549  0.347  0.646  0.479  0.509  0.283  0.389 0.378
 269 0.461  0.557  0.617  0.886  1.199  1.144  1.106  0.817  0.970  0.976  0.403  0.497  0.452  0.927  1.338  0.622  0.526  0.545 0.423
 270 0.279  0.344  0.284  0.274  0.417  0.330  0.394  0.307  0.373  0.267  0.429  0.317  0.307  0.695  0.361  0.352  0.581  0.590 0.439
 271 0.169  0.244  0.218  0.215  0.691  0.721  0.463  0.182  0.155  0.137  0.199  0.175  0.235  0.806  1.609  1.092  0.390  0.423 0.179
 272 0.001  0.068  0.184  0.494  0.946  1.644  2.112  2.600  2.541  2.009  1.262  1.263  1.321  0.740  0.551  0.221  0.090  0.002 0.001
 273 0.146  0.135  0.205  0.260  0.273  0.236  0.175  0.302  0.320  0.862  0.519  0.259  0.176  0.629  0.917  0.366  0.276  0.150 0.136
 274 0.039  0.096  0.105  0.162  0.792  1.779  0.324  0.465  0.276  2.484  1.275  2.559  0.855  0.225  0.237  0.426  0.165  0.240 0.201
 275 0.783  0.469  0.316  0.469  0.566  0.604  0.571  0.525  0.557  0.534  0.479  0.643  0.541  0.749  0.565  0.933  0.483  0.488 0.592
 276 0.192  0.156  0.250  0.541  0.294  0.295  0.995  0.849  0.590  0.814  0.323  0.549  0.347  0.646  0.479  0.509  0.283  0.389 0.378
 277 0.461  0.557  0.617  0.886  1.199  1.144  1.106  0.817  0.970  0.976  0.403  0.497  0.452  0.927  1.338  0.622  0.526  0.545 0.423
 278 0.279  0.344  0.284  0.274  0.417  0.330  0.394  0.307  0.373  0.267  0.429  0.317  0.307  0.695  0.361  0.352  0.581  0.590 0.439
 279 0.169  0.244  0.218  0.215  0.691  0.721  0.463  0.182  0.155  0.137  0.199  0.175  0.235  0.806  1.609  1.092  0.390  0.423 0.179
 280 0.001  0.068  0.184  0.494  0.946  1.644  2.112  2.600  2.541  2.009  1.262  1.263  1.321  0.740  0.551  0.221  0.090  0.002 0.001
 281 0.146  0.135  0.205  0.260  0.273  0.236  0.175  0.302  0.320  0.862  0.519  0.259  0.176  0.629  0.917  0.366  0.276  0.150 0.136
 282 0.039  0.096  0.105  0.162  0.792  1.779  0.324  0.465  0.276  2.484  1.275  2.559  0.855  0.225  0.237  0.426  0.165  0.240 0.201
 283 0.783  0.469  0.316  0.469  0.566  0.604  0.571  0.525  0.557  0.534  0.479  0.643  0.541  0.749  0.565  0.933  0.483  0.488 0.592
 284 0.192  0.156  0.250  0.541  0.294  0.295  0.995  0.849  0.590  0.814  0.323  0.549  0.347  0.646  0.479  0.509  0.283  0.389 0.378
 285 0.461  0.557  0.617  0.886  1.199  1.144  1.106  0.817  0.970  0.976  0.403  0.497  0.452  0.927  1.338  0.622  0.526  0.545 0.423
 286 0.279  0.344  0.284  0.274  0.417  0.330  0.394  0.307  0.373  0.267  0.429  0.317  0.307  0.695  0.361  0.352  0.581  0.590 0.439
 287 0.169  0.244  0.218  0.215  0.691  0.721  0.463  0.182  0.155  0.137  0.199  0.175  0.235  0.806  1.609  1.092  0.390  0.423 0.179
 288 0.001  0.068  0.184  0.494  0.946  1.644  2.112  2.600  2.541  2.009  1.262  1.263  1.321  0.740  0.551  0.221  0.090  0.002 0.001
 289 0.146  0.135  0.205  0.260  0.273  0.236  0.175  0.302  0.320  0.862  0.519  0.259  0.176  0.629  0.917  0.366  0.276  0.150 0.136
 290 0.039  0.096  0.105  0.162  0.792  1.779  0.324  0.465  0.276  2.484  1.275  2.559  0.855  0.225  0.237  0.426  0.165  0.240 0.201
 291 0.783  0.469  0.316  0.469  0.566  0.604  0.571  0.525  0.557  0.534  0.479  0.643  0.541  0.749  0.565  0.933  0.483  0.488 0.592
 292 0.192  0.156  0.250  0.541  0.294  0.295  0.995  0.849  0.590  0.814  0.323  0.549  0.347  0.646  0.479  0.509  0.283  0.389 0.378
 293 0.461  0.557  0.617  0.886  1.199  1.144  1.106  0.817  0.970  0.976  0.403  0.497  0.452  0.927  1.338  0.622  0.526  0.545 0.423
 294 0.279  0.344  0.284  0.274  0.417  0.330  0.394  0.307  0.373  0.267  0.429  0.317  0.307  0.695  0.361  0.352  0.581  0.590 0.439
 295 0.169  0.244  0.218  0.215  0.691  0.721  0.463  0.182  0.155  0.137  0.199  0.175  0.235  0.806  1.609  1.092  0.390  0.423 0.179
 296 0.001  0.068  0.184  0.494  0.946  1.644  2.112  2.600  2.541  2.009  1.262  1.263  1.321  0.740  0.551  0.221  0.090  0.002 0.001
 297 0.146  0.135  0.205  0.260  0.273  0.236  0.175  0.302  0.320  0.862  0.519  0.259  0.176  0.629  0.917  0.366  0.276  0.150 0.136
 298 0.039  0.096  0.105  0.162  0.792  1.779  0.324  0.465  0.276  2.484  1.275  2.559  0.855  0.225  0.237  0.426  0.165  0.240 0.201
 299 0.783  0.469  0.316  0.469  0.566  0.604  0.571  0.525  0.557  0.534  0.479  0.643  0.541  0.749  0.565  0.933  0.483  0.488 0.592
 300 0.192  0.156  0.250  0.541  0.294  0.295  0.995  0.849  0.590  0.814  0.323  0.549  0.347  0.646  0.479  0.509  0.283  0.389 0.378
 301 0.461  0.557  0.617  0.886  1.199  1.144  1.106  0.817  0.970  0.976  0.403  0.497  0.452  0.927  1.338  0.622  0.526  0.545 0.423
 302 0.279  0.344  0.284  0.274  0.417  0.330  0.394  0.307  0.373  0.267  0.429  0.317  0.307  0.695  0.361  0.352  0.581  0.590 0.439
 303 0.169  0.244  0.218  0.215  0.691  0.721  0.463  0.182  0.155  0.137  0.199  0.175  0.235  0.806  1.609  1.092  0.390  0.423 0.179
 304 0.001  0.068  0.184  0.494  0.946  1.644  2.112  2.600  2.541  2.009  1.262  1.263  1.321  0.740  0.551  0.221  0.090  0.002 0.001;

param niu := 0.90;

